loadstring(game:GetObjects("rbxassetid://5905652048")[1].Source)()

Sbp(1, 0, 1.5707963705063, 0, 96.5, 24.200000762939, -3)
Sbp(1, 0, 1.5707963705063, 0, -96.5, 0.20000000298023, -87)
Sbp(1, 0, 1.5707963705063, 0, -97.5, 8.1999998092651, -48)
Sbp(1, -0, 0, -0, 75, 16.200000762939, -96.5)
Sbp(1, 0, 1.5707963705063, 0, 97.5, 24.200000762939, 78)
Sbp(1, 0, 1.5707963705063, 0, -96.5, 16.200000762939, -45)
Sbp(1, 0, 1.5707963705063, 0, 97.5, 16.200000762939, 54)
Sbp(1, 0, 1.5707963705063, 0, 97.5, 24.200000762939, 12)
Sbp(1, 0, 1.5707963705063, 0, 97.5, 24.200000762939, 48)
Sbp(1, 0, 1.5707963705063, 0, 96.5, 16.200000762939, -81)
Sbp(1, 0, 1.5707963705063, 0, 97.5, 16.200000762939, 78)
Sbp(1, 0, 1.5707963705063, 0, 97.5, 16.200000762939, 60)
Sbp(19, 1.5707963705063, 0, 1.5707963705063, 33.899993896484, 32.59973526001, 97)
Sbp(1, 0, 1.5707963705063, 0, 97.5, 16.200000762939, 96)
Sbp(1, 0, 1.5707963705063, 0, 96.5, 16.200000762939, -57)
Sbp(1, 0, 1.5707963705063, 0, 96.5, 16.200000762939, -93)
Sbp(1, 0, 1.5707963705063, 0, 97.5, 24.200000762939, 42)
Sbp(1, 0, 1.5707963705063, 0, 97.5, 24.200000762939, 60)
Sbp(19, 1.5707963705063, 0, 1.5707963705063, -6.1000061035156, 32.59973526001, 97)
Sbp(1, 0, 1.5707963705063, 0, 97.5, 24.200000762939, 54)
Sbp(1, 0, 1.5707963705063, 0, 97.5, 24.200000762939, 84)
Sbp(1, 0, 1.5707963705063, 0, 97.5, 24.200000762939, 72)
Sbp(1, 0, 1.5707963705063, 0, -96.5, 24.200000762939, -33)
Sbp(1, 0, 1.5707963705063, 0, -97.5, 16.200000762939, -6)
Sbp(19, 1.5707963705063, 0, -0, -32.999984741211, 0.60000020265579, -10.900024414063)
Sbp(1, 0, 1.5707963705063, 0, 96.5, 16.200000762939, -87)
Sbp(19, 1.5707963705063, 0, 1.5707963705063, 89.899993896484, 32.59973526001, 97)
Sbp(19, 1.5707963705063, -0, -3.1415927410126, -43.000305175781, 0.59999984502792, 33.899993896484)
Sbp(19, 1.5707963705063, 0, 1.5707963705063, 1.8999938964844, 32.59973526001, 97)
Sbp(4, -3.1415927410126, 0, -0, -43, 0.99999994039536, -32)
Sbp(19, -1.5707963705063, 0, 1.5707963705063, 97.899993896484, 32.59973526001, 97)
Sbp(19, 1.5707963705063, 0, 1.5707963705063, 65.899993896484, 32.59973526001, 97)
Sbp(19, 1.5707963705063, 0, 1.5707963705063, -30.100006103516, 32.599750518799, 97)
Sbp(19, -1.5707963705063, -0, -0, 97.000305175781, 32.59973526001, 85.899993896484)
Sbp(19, 1.5707963705063, 0, 1.5707963705063, 17.899993896484, 32.59973526001, 97)
Sbp(19, 1.5707963705063, 0, -1.5707963705063, -51.899993896484, 0.59998857975006, 25)
Sbp(19, 1.5707963705063, 0, 1.5707963705063, 25.899993896484, 32.59973526001, 97)
Sbp(19, 1.5707963705063, 0, 1.5707963705063, -14.100006103516, 32.59973526001, 97)
Sbp(19, 1.5707963705063, 0, 1.5707963705063, 41.899993896484, 32.59973526001, 97)
Sbp(19, 1.5707963705063, 0, 1.5707963705063, -34.100006103516, 0.60001528263092, 35)
Sbp(1, 0, 1.5707963705063, 0, -96.5, 16.200000762939, 15)
Sbp(1, 0, 1.5707963705063, 0, -96.5, 24.200000762939, -15)
Sbp(1, 0, 1.5707963705063, 0, -96.5, 24.200000762939, -9)
Sbp(19, 1.5707963705063, 0, -1.5707963705063, -51.899993896484, 0.59998857975006, -32)
Sbp(19, 1.5707963705063, 0, 1.5707963705063, 49.899993896484, 32.59973526001, 97)
Sbp(19, 1.5707963705063, 0, 1.5707963705063, 9.8999938964844, 32.59973526001, 97)
Sbp(19, 1.5707963705063, 0, 1.5707963705063, -22.100006103516, 32.599750518799, 97)
Sbp(1, 0, 1.5707963705063, 0, -96.5, 24.200000762939, 63)
Sbp(19, 1.5707963705063, 0, 1.5707963705063, 73.899993896484, 32.59973526001, 97)
Sbp(1, 0, 1.5707963705063, 0, -96.5, 16.200000762939, -33)
Sbp(1, 0, 1.5707963705063, 0, -96.5, 16.200000762939, -15)
Sbp(1, 0, 1.5707963705063, 0, -96.5, 24.200000762939, -27)
Sbp(1, 0, 1.5707963705063, 0, -96.5, 24.200000762939, -51)
Sbp(1, 0, 1.5707963705063, 0, -97.5, 24.200000762939, 96)
Sbp(1, 0, 1.5707963705063, 0, -96.5, 16.200000762939, -21)
Sbp(19, 1.5707963705063, 0, 1.5707963705063, 81.899993896484, 32.59973526001, 97)
Sbp(1, 0, 1.5707963705063, 0, -96.5, 16.200000762939, 63)
Sbp(19, -1.5707963705063, -0, -0, 97.000305175781, 32.59973526001, 93.899993896484)
Sbp(1, 0, 1.5707963705063, 0, -96.5, 24.200000762939, -45)
Sbp(4, -3.1415927410126, -1.5707963705063, 0, 97, 32.999736785889, 95)
Sbp(1, 0, 1.5707963705063, 0, -96.5, 24.200000762939, -21)
Sbp(19, -1.5707963705063, -0, -0, 97.000305175781, 32.59973526001, 77.899993896484)
Sbp(19, -1.5707963705063, -0, -0, 97.000305175781, 32.59973526001, 69.899993896484)
Sbp(1, 0, 1.5707963705063, 0, -96.5, 24.200000762939, -87)
Sbp(1, 0, 1.5707963705063, 0, -96.5, 16.200000762939, -9)
Sbp(1, 0, 1.5707963705063, 0, -96.5, 16.200000762939, 3)
Sbp(1, 0, 1.5707963705063, 0, -96.5, 24.200000762939, 9)
Sbp(1, 0, 1.5707963705063, 0, -96.5, 24.200000762939, -93)
Sbp(1, 0, 1.5707963705063, 0, -97.5, 16.200000762939, 90)
Sbp(1, 0, 1.5707963705063, 0, -97.5, 16.200000762939, 72)
Sbp(1, 0, 1.5707963705063, 0, -96.5, 24.200000762939, -69)
Sbp(1, 0, 1.5707963705063, 0, -97.5, 16.200000762939, 84)
Sbp(1, 0, 1.5707963705063, 0, -96.5, 16.200000762939, -69)
Sbp(1, 0, 1.5707963705063, 0, -96.5, 16.200000762939, -51)
Sbp(1, 0, 1.5707963705063, 0, -96.5, 16.200000762939, -81)
Sbp(1, 0, 1.5707963705063, 0, -96.5, 24.200000762939, -81)
Sbp(1, 0, 1.5707963705063, 0, -96.5, 16.200000762939, 27)
Sbp(1, 0, 1.5707963705063, 0, -97.5, 16.200000762939, 36)
Sbp(1, 0, 1.5707963705063, 0, -96.5, 24.200000762939, -57)
Sbp(1, 0, 1.5707963705063, 0, -96.5, 16.200000762939, -39)
Sbp(1, 0, 1.5707963705063, 0, -97.5, 24.200000762939, -72)
Sbp(1, 0, 1.5707963705063, 0, -96.5, 16.200000762939, -27)
Sbp(1, 0, 1.5707963705063, 0, -97.5, 24.200000762939, 90)
Sbp(1, 0, 1.5707963705063, 0, -97.5, 24.200000762939, 30)
Sbp(1, 0, 1.5707963705063, 0, -97.5, 16.200000762939, 30)
Sbp(1, 0, 1.5707963705063, 0, -96.5, 16.200000762939, -57)
Sbp(1, 0, 1.5707963705063, 0, -96.5, 16.200000762939, -87)
Sbp(1, 0, 1.5707963705063, 0, -97.5, 16.200000762939, 42)
Sbp(1, 0, 1.5707963705063, 0, -97.5, 24.200000762939, 60)
Sbp(1, 0, 1.5707963705063, 0, -96.5, 24.200000762939, -63)
Sbp(1, 0, 1.5707963705063, 0, -97.5, 24.200000762939, 36)
Sbp(1, 0, 1.5707963705063, 0, -96.5, 16.200000762939, -63)
Sbp(1, 0, 1.5707963705063, 0, -97.5, 16.200000762939, 96)
Sbp(1, 0, 1.5707963705063, 0, -96.5, 24.200000762939, -39)
Sbp(1, 0, 1.5707963705063, 0, -96.5, 16.200000762939, -93)
Sbp(1, 0, 1.5707963705063, 0, -97.5, 24.200000762939, 48)
Sbp(1, 0, 1.5707963705063, 0, -97.5, 16.200000762939, 60)
Sbp(1, 0, 1.5707963705063, 0, -97.5, 16.200000762939, -18)
Sbp(1, 0, 1.5707963705063, 0, -97.5, 16.200000762939, 66)
Sbp(1, 0, 1.5707963705063, 0, -96.5, 16.200000762939, -75)
Sbp(1, 0, 1.5707963705063, 0, -97.5, 16.200000762939, 48)
Sbp(1, 0, 1.5707963705063, 0, -97.5, 24.200000762939, 18)
Sbp(1, 0, 1.5707963705063, 0, -97.5, 24.200000762939, -6)
Sbp(1, 0, 1.5707963705063, 0, -97.5, 16.200000762939, -0)
Sbp(1, 0, 1.5707963705063, 0, -97.5, 24.200000762939, -60)
Sbp(1, 0, 1.5707963705063, 0, -97.5, 24.200000762939, 42)
Sbp(1, 0, 1.5707963705063, 0, -97.5, 16.200000762939, 12)
Sbp(1, 0, 1.5707963705063, 0, -97.5, 24.200000762939, -12)
Sbp(1, 0, 1.5707963705063, 0, -97.5, 24.200000762939, 66)
Sbp(1, 0, 1.5707963705063, 0, -97.5, 24.200000762939, -18)
Sbp(1, 0, 1.5707963705063, 0, -97.5, 16.200000762939, -24)
Sbp(1, 0, 1.5707963705063, 0, -97.5, 24.200000762939, 24)
Sbp(1, 0, 1.5707963705063, 0, -97.5, 24.200000762939, 12)
Sbp(1, 0, 1.5707963705063, 0, 96.5, 24.200000762939, 27)
Sbp(1, 0, 1.5707963705063, 0, -97.5, 16.200000762939, -66)
Sbp(1, 0, 1.5707963705063, 0, -97.5, 24.200000762939, 54)
Sbp(1, 0, 1.5707963705063, 0, -97.5, 24.200000762939, -24)
Sbp(1, 0, 1.5707963705063, 0, -97.5, 16.200000762939, 18)
Sbp(1, 0, 1.5707963705063, 0, -97.5, 16.200000762939, -42)
Sbp(1, 0, 1.5707963705063, 0, -97.5, 24.200000762939, -66)
Sbp(1, 0, 1.5707963705063, 0, -97.5, 24.200000762939, -36)
Sbp(1, 0, 1.5707963705063, 0, -97.5, 16.200000762939, -54)
Sbp(1, 0, 1.5707963705063, 0, -97.5, 24.200000762939, -30)
Sbp(1, 0, 1.5707963705063, 0, -97.5, 24.200000762939, 84)
Sbp(1, 0, 1.5707963705063, 0, -97.5, 16.200000762939, -78)
Sbp(1, 0, 1.5707963705063, 0, -97.5, 16.200000762939, 6)
Sbp(1, 0, 1.5707963705063, 0, -97.5, 24.200000762939, 6)
Sbp(1, 0, 1.5707963705063, 0, -97.5, 16.200000762939, -12)
Sbp(1, 0, 1.5707963705063, 0, -97.5, 16.200000762939, -36)
Sbp(1, 0, 1.5707963705063, 0, -97.5, 16.200000762939, -48)
Sbp(1, 0, 1.5707963705063, 0, -97.5, 16.200000762939, 78)
Sbp(1, 0, 1.5707963705063, 0, -97.5, 24.200000762939, -54)
Sbp(1, 0, 1.5707963705063, 0, -97.5, 24.200000762939, -84)
Sbp(1, 0, 1.5707963705063, 0, -97.5, 16.200000762939, -60)
Sbp(1, 0, 1.5707963705063, 0, -97.5, 24.200000762939, 72)
Sbp(1, 0, 1.5707963705063, 0, -97.5, 24.200000762939, -48)
Sbp(1, 0, 1.5707963705063, 0, -97.5, 16.200000762939, -30)
Sbp(1, 0, 1.5707963705063, 0, -97.5, 24.200000762939, -42)
Sbp(1, 0, 1.5707963705063, 0, 96.5, 16.200000762939, 93)
Sbp(1, 0, 1.5707963705063, 0, 96.5, 24.200000762939, 57)
Sbp(1, 0, 1.5707963705063, 0, 96.5, 16.200000762939, 81)
Sbp(1, 0, 1.5707963705063, 0, 96.5, 24.200000762939, 75)
Sbp(1, 0, 1.5707963705063, 0, -97.5, 24.200000762939, -78)
Sbp(1, 0, 1.5707963705063, 0, -97.5, 24.200000762939, -0)
Sbp(1, 0, 1.5707963705063, 0, 96.5, 24.200000762939, 81)
Sbp(1, 0, 1.5707963705063, 0, -96.5, 24.200000762939, -75)
Sbp(1, 0, 1.5707963705063, 0, 96.5, 16.200000762939, 69)
Sbp(1, 0, 1.5707963705063, 0, 96.5, 16.200000762939, 87)
Sbp(1, 0, 1.5707963705063, 0, 96.5, 24.200000762939, 87)
Sbp(1, 0, 1.5707963705063, 0, -97.5, 16.200000762939, -96)
Sbp(1, 0, 1.5707963705063, 0, -97.5, 16.200000762939, -72)
Sbp(1, 0, 1.5707963705063, 0, -97.5, 16.200000762939, 54)
Sbp(1, 0, 1.5707963705063, 0, 96.5, 16.200000762939, 75)
Sbp(1, 0, 1.5707963705063, 0, 96.5, 16.200000762939, -21)
Sbp(1, 0, 1.5707963705063, 0, -97.5, 16.200000762939, -90)
Sbp(1, 0, 1.5707963705063, 0, -97.5, 16.200000762939, -84)
Sbp(1, 0, 1.5707963705063, 0, 96.5, 16.200000762939, 45)
Sbp(1, 0, 1.5707963705063, 0, 96.5, 24.200000762939, 45)
Sbp(1, 0, 1.5707963705063, 0, 96.5, 24.200000762939, 21)
Sbp(1, 0, 1.5707963705063, 0, 96.5, 16.200000762939, 33)
Sbp(1, 0, 1.5707963705063, 0, 96.5, 16.200000762939, 21)
Sbp(1, 0, 1.5707963705063, 0, 96.5, 16.200000762939, 63)
Sbp(1, 0, 1.5707963705063, 0, 96.5, 24.200000762939, 51)
Sbp(1, 0, 1.5707963705063, 0, 96.5, 24.200000762939, -33)
Sbp(1, 0, 1.5707963705063, 0, 96.5, 24.200000762939, 33)
Sbp(1, 0, 1.5707963705063, 0, -97.5, 24.200000762939, -90)
Sbp(1, 0, 1.5707963705063, 0, -97.5, 8.1999998092651, -72)
Sbp(19, 1.5707963705063, 0, 1.5707963705063, -44.100006103516, 0.60001146793365, 11)
Sbp(1, 0, 1.5707963705063, 0, 96.5, 16.200000762939, 9)
Sbp(1, 0, 1.5707963705063, 0, 96.5, 24.200000762939, 3)
Sbp(1, 0, 1.5707963705063, 0, -97.5, 24.200000762939, 78)
Sbp(1, 0, 1.5707963705063, 0, 96.5, 24.200000762939, 15)
Sbp(1, 0, 1.5707963705063, 0, 96.5, 24.200000762939, -21)
Sbp(1, 0, 1.5707963705063, 0, 96.5, 24.200000762939, 93)
Sbp(1, 0, 1.5707963705063, 0, 96.5, 16.200000762939, 15)
Sbp(1, 0, 1.5707963705063, 0, 96.5, 16.200000762939, 39)
Sbp(1, 0, 1.5707963705063, 0, 96.5, 16.200000762939, -15)
Sbp(1, 0, 1.5707963705063, 0, 96.5, 24.200000762939, 63)
Sbp(1, 0, 1.5707963705063, 0, 96.5, 16.200000762939, -39)
Sbp(1, 0, 1.5707963705063, 0, -97.5, 16.200000762939, 24)
Sbp(1, 0, 1.5707963705063, 0, 96.5, 24.200000762939, 69)
Sbp(1, 0, 1.5707963705063, 0, -97.5, 24.200000762939, -96)
Sbp(1, 0, 1.5707963705063, 0, 96.5, 16.200000762939, -45)
Sbp(1, 0, 1.5707963705063, 0, 96.5, 24.200000762939, -57)
Sbp(1, 0, 1.5707963705063, 0, 96.5, 24.200000762939, -51)
Sbp(1, 0, 1.5707963705063, 0, 96.5, 16.200000762939, -69)
Sbp(19, 1.5707963705063, 0, -1.5707963705063, -51.899993896484, 0.59998857975006, 1)
Sbp(1, 0, 1.5707963705063, 0, 96.5, 24.200000762939, 39)
Sbp(1, 0, 1.5707963705063, 0, 96.5, 24.200000762939, -27)
Sbp(1, 0, 1.5707963705063, 0, 96.5, 16.200000762939, -9)
Sbp(1, 0, 1.5707963705063, 0, 96.5, 24.200000762939, -81)
Sbp(1, 0, 1.5707963705063, 0, 96.5, 16.200000762939, -51)
Sbp(19, 1.5707963705063, 0, -1.5707963705063, -41.899993896484, 0.59998857975006, -17)
Sbp(19, 1.5707963705063, 0, -0, -42.999984741211, 0.60000020265579, -10.900024414063)
Sbp(19, 1.5707963705063, -0, -3.1415927410126, -43.000015258789, 0.59999984502792, -18.099975585938)
Sbp(1, 0, 1.5707963705063, 0, 96.5, 24.200000762939, -87)
Sbp(1, 0, 1.5707963705063, 0, 96.5, 24.200000762939, -93)
Sbp(1, 0, 1.5707963705063, 0, 96.5, 24.200000762939, -15)
Sbp(1, 0, 1.5707963705063, 0, 96.5, 24.200000762939, -9)
Sbp(19, 1.5707963705063, -0, -3.1415927410126, -33.000030517578, 0.59999984502792, -18.099975585938)
Sbp(1, 0, 1.5707963705063, 0, 96.5, 16.200000762939, -3)
Sbp(1, 0, 1.5707963705063, 0, 96.5, 16.200000762939, 57)
Sbp(1, 0, 1.5707963705063, 0, 96.5, 24.200000762939, 9)
Sbp(19, 1.5707963705063, -0, -3.1415927410126, -33.000335693359, 0.59999984502792, 9.8999938964844)
Sbp(4, 3.1415927410126, 1.5707963705063, 0, -43, 0.99999994039536, 35)
Sbp(19, 1.5707963705063, 0, -0, -52.999664306641, 0.60000020265579, 2.1000061035156)
Sbp(19, 1.5707963705063, 0, 1.5707963705063, -34.100006103516, 0.60000765323639, -12)
Sbp(1, 0, 1.5707963705063, 0, 96.5, 16.200000762939, 27)
Sbp(1, 0, 1.5707963705063, 0, 96.5, 24.200000762939, -39)
Sbp(19, -1.5707963705063, 0, -1.5707963705063, 24.100006103516, 32.59973526001, -97)
Sbp(1, 0, 1.5707963705063, 0, 96.5, 16.200000762939, 3)
Sbp(19, 1.5707963705063, 0, -1.5707963705063, -41.899993896484, 0.59999430179596, 25)
Sbp(1, 0, 1.5707963705063, 0, 97.5, 24.200000762939, 66)
Sbp(19, 1.5707963705063, -0, -3.1415927410126, -43.000335693359, 0.59999984502792, 9.8999938964844)
Sbp(19, 1.5707963705063, 0, -1.5707963705063, -41.899993896484, 0.59998857975006, 11)
Sbp(19, 1.5707963705063, 0, -1.5707963705063, -41.899993896484, 0.59998857975006, 1)
Sbp(19, 1.5707963705063, 0, 1.5707963705063, -38.100006103516, 32.599746704102, 97)
Sbp(19, -1.5707963705063, -0, -0, 97.000030517578, 32.59973526001, -42.099975585938)
Sbp(1, 0, 1.5707963705063, 0, 97.5, 16.200000762939, 84)
Sbp(19, 1.5707963705063, 0, 1.5707963705063, 57.899993896484, 32.59973526001, 97)
Sbp(19, -1.5707963705063, -0, -0, 97.000305175781, 32.59973526001, 13.899993896484)
Sbp(19, 1.5707963705063, 0, 1.5707963705063, -44.100006103516, 0.60001146793365, 35)
Sbp(1, 0, 1.5707963705063, 0, 96.5, 16.200000762939, -27)
Sbp(12, -1.5707963705063, 0, -1.5707963705063, -97.899993896484, 32.599746704102, -96)
Sbp(19, 1.5707963705063, 0, -0, -52.999984741211, 0.60000020265579, -10.900024414063)
Sbp(19, 1.5707963705063, 0, 1.5707963705063, -44.100006103516, 0.60000574588776, -27)
Sbp(1, 0, 1.5707963705063, 0, 96.5, 24.200000762939, -45)
Sbp(1, 0, 1.5707963705063, 0, 96.5, 16.200000762939, -63)
Sbp(1, 0, 1.5707963705063, 0, 96.5, 24.200000762939, -63)
Sbp(19, 1.5707963705063, 0, 1.5707963705063, -34.100006103516, 0.60001528263092, -32)
Sbp(19, 1.5707963705063, 0, -0, -32.999969482422, 0.60000020265579, -40.900024414063)
Sbp(1, 0, 1.5707963705063, 0, 97.5, 24.200000762939, 96)
Sbp(19, -1.5707963705063, -0, -0, 97.000305175781, 32.59973526001, 61.899993896484)
Sbp(19, 1.5707963705063, 0, 1.5707963705063, -44.100006103516, 0.60000574588776, -12)
Sbp(19, -1.5707963705063, -0, -0, 97.000030517578, 32.59973526001, -34.099975585938)
Sbp(19, -1.5707963705063, -0, -0, 97.000335693359, 32.59973526001, 5.8999938964844)
Sbp(19, -1.5707963705063, -0, -0, 97.000305175781, 32.59973526001, 45.899993896484)
Sbp(19, -1.5707963705063, 0, -1.5707963705063, 80.100006103516, 32.59973526001, -97)
Sbp(19, -1.5707963705063, -0, -0, 97.000030517578, 32.59973526001, -10.099975585938)
Sbp(19, -1.5707963705063, -0, -0, 97.000305175781, 32.59973526001, 29.899993896484)
Sbp(19, 1.5707963705063, -0, -3.1415927410126, -53.000030517578, 0.59999984502792, -33.099975585938)
Sbp(19, -1.5707963705063, -0, -0, 97.000030517578, 32.59973526001, -50.099975585938)
Sbp(19, 1.5707963705063, -0, -3.1415927410126, -43.000030517578, 0.59999984502792, -33.099975585938)
Sbp(19, 1.5707963705063, 0, -1.5707963705063, -41.899993896484, 0.59998857975006, -42)
Sbp(19, -1.5707963705063, -0, -0, 97.000305175781, 32.59973526001, 21.899993896484)
Sbp(19, -1.5707963705063, 0, -1.5707963705063, 64.100006103516, 32.59973526001, -97)
Sbp(19, -1.5707963705063, 0, -1.5707963705063, 72.100006103516, 32.59973526001, -97)
Sbp(19, -1.5707963705063, -0, -0, 97.000305175781, 32.59973526001, 37.899993896484)
Sbp(19, -1.5707963705063, -0, -0, 97.000030517578, 32.59973526001, -2.0999755859375)
Sbp(19, -1.5707963705063, -0, -0, 97.000305175781, 32.59973526001, 53.899993896484)
Sbp(19, -1.5707963705063, -0, -0, 97.000030517578, 32.59973526001, -58.099975585938)
Sbp(19, -1.5707963705063, 0, -1.5707963705063, 56.100006103516, 32.59973526001, -97)
Sbp(19, -1.5707963705063, -0, -0, 97.000061035156, 32.59973526001, -82.099975585938)
Sbp(19, -1.5707963705063, 0, -3.1415927410126, -97.000061035156, 32.59973526001, -93.900024414063)
Sbp(19, -1.5707963705063, -0, -0, 97.000030517578, 32.59973526001, -18.099975585938)
Sbp(19, -1.5707963705063, 0, -3.1415927410126, -97.000305175781, 32.59973526001, 18.100006103516)
Sbp(19, -1.5707963705063, 0, -1.5707963705063, 88.100006103516, 32.59973526001, -97)
Sbp(19, -1.5707963705063, -0, -0, 97.000030517578, 32.59973526001, -26.099975585938)
Sbp(19, -1.5707963705063, 0, -3.1415927410126, -97.000305175781, 32.59973526001, 26.100006103516)
Sbp(19, -1.5707963705063, 0, -3.1415927410126, -97.000061035156, 32.59973526001, -77.900024414063)
Sbp(19, -1.5707963705063, 0, -1.5707963705063, 16.100006103516, 32.59973526001, -97)
Sbp(19, -1.5707963705063, 0, -1.5707963705063, 48.100006103516, 32.59973526001, -97)
Sbp(19, -1.5707963705063, 0, -1.5707963705063, -15.899993896484, 32.599750518799, -97)
Sbp(19, -1.5707963705063, -0, -0, 97.000030517578, 32.59973526001, -66.099975585938)
Sbp(19, -1.5707963705063, -0, -0, 97.000061035156, 32.59973526001, -90.099975585938)
Sbp(19, -1.5707963705063, 0, -1.5707963705063, -31.899993896484, 32.599750518799, -97)
Sbp(19, -1.5707963705063, 0, -1.5707963705063, -7.8999938964844, 32.59973526001, -97)
Sbp(19, -1.5707963705063, -0, -0, 97.000061035156, 32.59973526001, -74.099975585938)
Sbp(19, -1.5707963705063, 0, -1.5707963705063, 40.100006103516, 32.59973526001, -97)
Sbp(19, -1.5707963705063, 0, -1.5707963705063, 8.1000061035156, 32.59973526001, -97)
Sbp(4, 3.1415927410126, 1.5707963705063, 0, -95, 32.999736785889, 97)
Sbp(19, -1.5707963705063, 0, -1.5707963705063, 0.10000610351563, 32.59973526001, -97)
Sbp(19, -1.5707963705063, 0, -1.5707963705063, -63.899993896484, 32.599750518799, -97)
Sbp(19, -1.5707963705063, 0, -1.5707963705063, -95.899993896484, 32.599746704102, -97)
Sbp(19, -1.5707963705063, 0, -1.5707963705063, -71.899993896484, 32.599750518799, -97)
Sbp(19, -1.5707963705063, 0, -1.5707963705063, -87.899993896484, 32.599739074707, -97)
Sbp(19, -1.5707963705063, 0, -3.1415927410126, -97.000030517578, 32.59973526001, -29.900024414063)
Sbp(19, -1.5707963705063, 0, -3.1415927410126, -97.000061035156, 32.59973526001, -69.900024414063)
Sbp(19, -1.5707963705063, 0, -3.1415927410126, -97.00032043457, 32.599742889404, 74.100006103516)
Sbp(19, -1.5707963705063, 0, -1.5707963705063, -23.899993896484, 32.599750518799, -97)
Sbp(19, -1.5707963705063, 0, -3.1415927410126, -97.000030517578, 32.59973526001, -13.900024414063)
Sbp(19, -1.5707963705063, 0, -3.1415927410126, -97.000305175781, 32.59973526001, 58.100006103516)
Sbp(19, -1.5707963705063, 0, -3.1415927410126, -97.000030517578, 32.59973526001, -61.900024414063)
Sbp(19, -1.5707963705063, 0, -3.1415927410126, -97.000335693359, 32.59973526001, 10.100006103516)
Sbp(19, -1.5707963705063, 0, -1.5707963705063, -55.899993896484, 32.599746704102, -97)
Sbp(19, -1.5707963705063, 0, -1.5707963705063, -47.899993896484, 32.599746704102, -97)
Sbp(1, 0, 1.5707963705063, 0, -96.5, 24.200000762939, -3)
Sbp(1, 0, 1.5707963705063, 0, -96.5, 16.200000762939, 93)
Sbp(19, -1.5707963705063, 0, -1.5707963705063, -79.899993896484, 32.599746704102, -97)
Sbp(19, -1.5707963705063, 0, -3.1415927410126, -97.000030517578, 32.59973526001, -45.900024414063)
Sbp(19, -1.5707963705063, 0, -3.1415927410126, -97.000015258789, 32.59973526001, -5.9000244140625)
Sbp(19, -1.5707963705063, 0, -3.1415927410126, -97.000305175781, 32.59973526001, 34.100006103516)
Sbp(19, 1.5707963705063, 0, 1.5707963705063, -46.100006103516, 32.599739074707, 97)
Sbp(1, 0, 1.5707963705063, 0, -96.5, 16.200000762939, 69)
Sbp(19, -1.5707963705063, 0, -3.1415927410126, -97.000030517578, 32.59973526001, -53.900024414063)
Sbp(19, -1.5707963705063, 0, -3.1415927410126, -97.00032043457, 32.599742889404, 82.100006103516)
Sbp(19, -1.5707963705063, 0, -3.1415927410126, -97.000030517578, 32.59973526001, -37.900024414063)
Sbp(19, -1.5707963705063, 0, -3.1415927410126, -97.000305175781, 32.59973526001, 42.100006103516)
Sbp(1, 0, 1.5707963705063, 0, -96.5, 24.200000762939, 81)
Sbp(19, -1.5707963705063, 0, -3.1415927410126, -97.000061035156, 32.59973526001, -85.900024414063)
Sbp(19, -1.5707963705063, 0, -1.5707963705063, -39.899993896484, 32.599746704102, -97)
Sbp(1, 0, 1.5707963705063, 0, -96.5, 24.200000762939, 93)
Sbp(1, 0, 1.5707963705063, 0, -96.5, 16.200000762939, 75)
Sbp(19, -1.5707963705063, 0, -3.1415927410126, -97.000305175781, 32.59973526001, 50.100006103516)
Sbp(19, -1.5707963705063, 0, -3.1415927410126, -97.000030517578, 32.59973526001, -21.900024414063)
Sbp(19, -1.5707963705063, 0, -3.1415927410126, -97.000335693359, 32.59973526001, 2.1000061035156)
Sbp(1, 0, 1.5707963705063, 0, -96.5, 24.200000762939, 21)
Sbp(1, 0, 1.5707963705063, 0, -96.5, 16.200000762939, 57)
Sbp(1, 0, 1.5707963705063, 0, -96.5, 24.200000762939, 3)
Sbp(1, 0, 1.5707963705063, 0, -96.5, 24.200000762939, 39)
Sbp(19, -1.5707963705063, 0, -3.1415927410126, -97.00032043457, 32.599742889404, 90.100006103516)
Sbp(1, 0, 1.5707963705063, 0, -96.5, 16.200000762939, -3)
Sbp(4, 3.1415927410126, 1.5707963705063, 0, -99, 30.99973487854, 83)
Sbp(1, 0, 1.5707963705063, 0, -96.5, 24.200000762939, 57)
Sbp(1, 0, 1.5707963705063, 0, -96.5, 16.200000762939, 87)
Sbp(19, -1.5707963705063, 0, -3.1415927410126, -97.00032043457, 32.599742889404, 66.100006103516)
Sbp(1, 0, 1.5707963705063, 0, -96.5, 24.200000762939, 69)
Sbp(19, 1.5707963705063, 0, 1.5707963705063, -86.100006103516, 32.599746704102, 97)
Sbp(19, 1.5707963705063, 0, 1.5707963705063, -62.100006103516, 32.599750518799, 97)
Sbp(1, 0, 1.5707963705063, 0, -96.5, 16.200000762939, 21)
Sbp(1, 0, 1.5707963705063, 0, -96.5, 24.200000762939, 45)
Sbp(1, 0, 1.5707963705063, 0, -96.5, 16.200000762939, 39)
Sbp(1, -0, 0, -0, -18, 8.1999998092651, 97.5)
Sbp(1, 0, 1.5707963705063, 0, -96.5, 16.200000762939, 81)
Sbp(1, -0, 0, -0, -90, 0.20000000298023, 97.5)
Sbp(1, 0, 1.5707963705063, 0, -96.5, 16.200000762939, 51)
Sbp(19, -1.5707963705063, 0, -1.5707963705063, 32.100006103516, 32.59973526001, -97)
Sbp(1, 0, 1.5707963705063, 0, -96.5, 16.200000762939, 9)
Sbp(19, 1.5707963705063, 0, 1.5707963705063, -70.100006103516, 32.599750518799, 97)
Sbp(1, -0, 0, -0, -66, 8.1999998092651, 97.5)
Sbp(1, 0, 1.5707963705063, 0, -96.5, 24.200000762939, 15)
Sbp(1, 0, 1.5707963705063, 0, -96.5, 24.200000762939, 51)
Sbp(19, 1.5707963705063, 0, 1.5707963705063, -78.100006103516, 32.599746704102, 97)
Sbp(1, -0, 0, -0, -84, 0.20000000298023, 97.5)
Sbp(1, -0, 0, -0, -36, 0.20000000298023, 97.5)
Sbp(1, 0, 1.5707963705063, 0, -96.5, 24.200000762939, 27)
Sbp(1, 0, 1.5707963705063, 0, -96.5, 16.200000762939, 45)
Sbp(1, -0, 0, -0, 48, 8.1999998092651, 97.5)
Sbp(1, 0, 1.5707963705063, 0, -96.5, 16.200000762939, 33)
Sbp(1, -0, 0, -0, -54, 0.20000000298023, 97.5)
Sbp(19, 1.5707963705063, 0, 1.5707963705063, -54.100006103516, 32.599746704102, 97)
Sbp(1, 0, 1.5707963705063, 0, -96.5, 24.200000762939, 33)
Sbp(1, 0, 1.5707963705063, 0, -96.5, 24.200000762939, 87)
Sbp(1, 0, 1.5707963705063, 0, -96.5, 24.200000762939, 75)
Sbp(1, -0, 0, -0, 6, 8.1999998092651, 97.5)
Sbp(1, -0, 0, -0, -30, 0.20000000298023, 97.5)
Sbp(1, -0, 0, -0, -6, 8.1999998092651, 97.5)
Sbp(19, 1.5707963705063, 0, -0, -52.999984741211, 0.60000020265579, -25.900024414063)
Sbp(1, -0, 0, -0, -36, 8.1999998092651, 97.5)
Sbp(1, -0, 0, -0, -84, 8.1999998092651, 97.5)
Sbp(1, -0, 0, -0, -54, 8.1999998092651, 97.5)
Sbp(4, 3.1415927410126, 1.5707963705063, 0, -43, 0.99999994039536, 25)
Sbp(1, -0, 0, -0, 18, 8.1999998092651, 97.5)
Sbp(1, -0, 0, -0, -66, 0.20000000298023, 97.5)
Sbp(1, -0, 0, -0, -96, 8.1999998092651, 97.5)
Sbp(1, -0, 0, -0, -93, 0.20000000298023, 96.5)
Sbp(1, -0, 0, -0, -78, 8.1999998092651, 97.5)
Sbp(1, -0, 0, -0, -72, 8.1999998092651, 97.5)
Sbp(1, -0, 0, -0, -42, 0.20000000298023, 97.5)
Sbp(1, -0, 0, -0, -96, 0.20000000298023, 97.5)
Sbp(1, -0, 0, -0, -48, 8.1999998092651, 97.5)
Sbp(1, -0, 0, -0, -78, 0.20000000298023, 97.5)
Sbp(1, -0, 0, -0, -48, 0.20000000298023, 97.5)
Sbp(1, -0, 0, -0, -12, 0.20000000298023, 97.5)
Sbp(1, -0, 0, -0, -0, 0.20000000298023, 97.5)
Sbp(1, -0, 0, -0, -60, 0.20000000298023, 97.5)
Sbp(1, -0, 0, -0, -78, 8.1999998092651, -97.5)
Sbp(1, -0, 0, -0, -90, 8.1999998092651, 97.5)
Sbp(1, -0, 0, -0, -30, 8.1999998092651, 97.5)
Sbp(1, -0, 0, -0, 24, 8.1999998092651, 97.5)
Sbp(1, -0, 0, -0, -72, 0.20000000298023, 97.5)
Sbp(1, -0, 0, -0, 6, 0.20000000298023, 97.5)
Sbp(1, -0, 0, -0, -0, 8.1999998092651, 97.5)
Sbp(1, -0, 0, -0, 42, 8.1999998092651, 97.5)
Sbp(1, -0, 0, -0, -60, 8.1999998092651, 97.5)
Sbp(1, -0, 0, -0, 24, 0.20000000298023, 97.5)
Sbp(1, -0, 0, -0, -24, 0.20000000298023, 97.5)
Sbp(1, -0, 0, -0, 60, 0.20000000298023, 97.5)
Sbp(1, -0, 0, -0, -24, 8.1999998092651, 97.5)
Sbp(1, -0, 0, -0, -6, 0.20000000298023, 97.5)
Sbp(1, -0, 0, -0, 54, 8.1999998092651, 97.5)
Sbp(1, -0, 0, -0, -12, 8.1999998092651, 97.5)
Sbp(1, -0, 0, -0, -51, 0.20000000298023, 96.5)
Sbp(1, -0, 0, -0, 21, 8.1999998092651, 96.5)
Sbp(1, -0, 0, -0, 42, 0.20000000298023, 97.5)
Sbp(1, -0, 0, -0, -42, 8.1999998092651, 97.5)
Sbp(1, -0, 0, -0, 48, 0.20000000298023, 97.5)
Sbp(1, -0, 0, -0, 72, 0.20000000298023, 97.5)
Sbp(1, -0, 0, -0, 12, 8.1999998092651, 97.5)
Sbp(1, -0, 0, -0, 18, 0.20000000298023, 97.5)
Sbp(1, -0, 0, -0, -81, 0.20000000298023, 96.5)
Sbp(1, -0, 0, -0, -18, 0.20000000298023, 97.5)
Sbp(1, -0, 0, -0, -93, 8.1999998092651, 96.5)
Sbp(1, -0, 0, -0, -27, 0.20000000298023, 96.5)
Sbp(1, -0, 0, -0, 12, 0.20000000298023, 97.5)
Sbp(1, -0, 0, -0, 54, 0.20000000298023, 97.5)
Sbp(1, -0, 0, -0, 36, 8.1999998092651, 97.5)
Sbp(1, -0, 0, -0, 66, 8.1999998092651, 97.5)
Sbp(1, -0, 0, -0, 66, 0.20000000298023, 97.5)
Sbp(1, -0, 0, -0, 30, 0.20000000298023, 97.5)
Sbp(1, -0, 0, -0, -33, 8.1999998092651, 96.5)
Sbp(1, -0, 0, -0, -87, 8.1999998092651, 96.5)
Sbp(1, -0, 0, -0, -75, 8.1999998092651, 96.5)
Sbp(1, -0, 0, -0, 96, 8.1999998092651, 97.5)
Sbp(1, -0, 0, -0, 36, 0.20000000298023, 97.5)
Sbp(1, -0, 0, -0, 78, 8.1999998092651, 97.5)
Sbp(1, -0, 0, -0, 84, 0.20000000298023, 97.5)
Sbp(1, -0, 0, -0, -63, 8.1999998092651, 96.5)
Sbp(1, -0, 0, -0, 63, 8.1999998092651, 96.5)
Sbp(1, -0, 0, -0, 9, 0.20000000298023, 96.5)
Sbp(1, -0, 0, -0, 30, 8.1999998092651, 97.5)
Sbp(1, -0, 0, -0, -21, 8.1999998092651, 96.5)
Sbp(1, -0, 0, -0, -3, 0.20000000298023, 96.5)
Sbp(1, -0, 0, -0, 96, 0.20000000298023, 97.5)
Sbp(1, -0, 0, -0, 60, 8.1999998092651, 97.5)
Sbp(1, -0, 0, -0, 90, 8.1999998092651, 97.5)
Sbp(1, -0, 0, -0, 84, 8.1999998092651, 97.5)
Sbp(1, -0, 0, -0, -63, 0.20000000298023, 96.5)
Sbp(1, -0, 0, -0, -81, 8.1999998092651, 96.5)
Sbp(1, -0, 0, -0, -39, 8.1999998092651, 96.5)
Sbp(1, -0, 0, -0, 72, 8.1999998092651, 97.5)
Sbp(1, -0, 0, -0, -87, 0.20000000298023, 96.5)
Sbp(1, -0, 0, -0, 84, 0.20000000298023, -97.5)
Sbp(1, -0, 0, -0, 90, 0.20000000298023, 97.5)
Sbp(1, -0, 0, -0, 78, 0.20000000298023, 97.5)
Sbp(1, -0, 0, -0, -33, 0.20000000298023, 96.5)
Sbp(1, -0, 0, -0, -75, 0.20000000298023, 96.5)
Sbp(1, -0, 0, -0, 75, 8.1999998092651, 96.5)
Sbp(1, -0, 0, -0, -90, 0.20000000298023, -97.5)
Sbp(1, -0, 0, -0, -45, 8.1999998092651, 96.5)
Sbp(1, -0, 0, -0, -45, 0.20000000298023, 96.5)
Sbp(1, -0, 0, -0, 27, 0.20000000298023, 96.5)
Sbp(1, -0, 0, -0, -69, 8.1999998092651, 96.5)
Sbp(1, -0, 0, -0, -69, 0.20000000298023, 96.5)
Sbp(1, -0, 0, -0, -27, 8.1999998092651, 96.5)
Sbp(1, -0, 0, -0, 3, 0.20000000298023, 96.5)
Sbp(1, -0, 0, -0, 39, 0.20000000298023, 96.5)
Sbp(1, -0, 0, -0, -9, 0.20000000298023, 96.5)
Sbp(1, -0, 0, -0, -15, 0.20000000298023, 96.5)
Sbp(1, -0, 0, -0, -39, 0.20000000298023, 96.5)
Sbp(1, -0, 0, -0, -3, 8.1999998092651, 96.5)
Sbp(1, -0, 0, -0, 15, 0.20000000298023, 96.5)
Sbp(1, -0, 0, -0, 9, 8.1999998092651, 96.5)
Sbp(1, -0, 0, -0, -57, 0.20000000298023, 96.5)
Sbp(1, -0, 0, -0, -51, 8.1999998092651, 96.5)
Sbp(1, -0, 0, -0, -42, 0.20000000298023, -97.5)
Sbp(1, -0, 0, -0, 21, 0.20000000298023, 96.5)
Sbp(1, -0, 0, -0, -60, 8.1999998092651, -97.5)
Sbp(1, -0, 0, -0, -9, 8.1999998092651, 96.5)
Sbp(1, -0, 0, -0, -57, 8.1999998092651, 96.5)
Sbp(1, -0, 0, -0, 27, 8.1999998092651, 96.5)
Sbp(1, -0, 0, -0, -15, 8.1999998092651, 96.5)
Sbp(1, -0, 0, -0, 3, 8.1999998092651, 96.5)
Sbp(1, -0, 0, -0, -21, 0.20000000298023, 96.5)
Sbp(1, -0, 0, -0, 33, 0.20000000298023, 96.5)
Sbp(1, -0, 0, -0, 75, 0.20000000298023, 96.5)
Sbp(1, -0, 0, -0, 33, 8.1999998092651, 96.5)
Sbp(1, -0, 0, -0, -90, 8.1999998092651, -97.5)
Sbp(1, -0, 0, -0, 45, 8.1999998092651, 96.5)
Sbp(1, -0, 0, -0, -24, 8.1999998092651, -97.5)
Sbp(1, -0, 0, -0, 15, 8.1999998092651, 96.5)
Sbp(1, -0, 0, -0, -60, 0.20000000298023, -97.5)
Sbp(1, -0, 0, -0, 69, 8.1999998092651, 96.5)
Sbp(1, -0, 0, -0, 87, 0.20000000298023, 96.5)
Sbp(1, -0, 0, -0, 57, 0.20000000298023, 96.5)
Sbp(1, -0, 0, -0, 51, 8.1999998092651, 96.5)
Sbp(1, -0, 0, -0, -75, 8.1999998092651, -96.5)
Sbp(1, -0, 0, -0, -66, 0.20000000298023, -97.5)
Sbp(1, -0, 0, -0, 81, 0.20000000298023, 96.5)
Sbp(1, -0, 0, -0, 39, 8.1999998092651, 96.5)
Sbp(1, -0, 0, -0, 45, 0.20000000298023, 96.5)
Sbp(1, -0, 0, -0, 96, 0.20000000298023, -97.5)
Sbp(1, -0, 0, -0, 57, 8.1999998092651, 96.5)
Sbp(1, -0, 0, -0, 93, 8.1999998092651, 96.5)
Sbp(1, -0, 0, -0, -54, 0.20000000298023, -97.5)
Sbp(1, -0, 0, -0, 69, 0.20000000298023, 96.5)
Sbp(1, -0, 0, -0, -66, 8.1999998092651, -97.5)
Sbp(1, -0, 0, -0, -84, 0.20000000298023, -97.5)
Sbp(1, -0, 0, -0, 87, 8.1999998092651, 96.5)
Sbp(1, -0, 0, -0, 51, 0.20000000298023, 96.5)
Sbp(1, -0, 0, -0, -18, 8.1999998092651, -97.5)
Sbp(1, -0, 0, -0, -12, 8.1999998092651, -97.5)
Sbp(1, -0, 0, -0, -48, 8.1999998092651, -97.5)
Sbp(1, -0, 0, -0, -72, 8.1999998092651, -97.5)
Sbp(1, -0, 0, -0, -84, 8.1999998092651, -97.5)
Sbp(1, -0, 0, -0, 36, 0.20000000298023, -97.5)
Sbp(1, -0, 0, -0, 63, 0.20000000298023, 96.5)
Sbp(1, -0, 0, -0, -42, 8.1999998092651, -97.5)
Sbp(1, -0, 0, -0, -96, 0.20000000298023, -97.5)
Sbp(1, -0, 0, -0, -96, 8.1999998092651, -97.5)
Sbp(1, -0, 0, -0, -6, 8.1999998092651, -97.5)
Sbp(1, -0, 0, -0, -78, 0.20000000298023, -97.5)
Sbp(1, -0, 0, -0, -72, 0.20000000298023, -97.5)
Sbp(1, -0, 0, -0, -93, 0.20000000298023, -96.5)
Sbp(1, -0, 0, -0, 93, 0.20000000298023, 96.5)
Sbp(1, -0, 0, -0, -48, 0.20000000298023, -97.5)
Sbp(1, -0, 0, -0, -36, 0.20000000298023, -97.5)
Sbp(1, -0, 0, -0, 12, 0.20000000298023, -97.5)
Sbp(1, -0, 0, -0, 81, 8.1999998092651, 96.5)
Sbp(1, -0, 0, -0, 6, 8.1999998092651, -97.5)
Sbp(1, -0, 0, -0, -24, 0.20000000298023, -97.5)
Sbp(1, -0, 0, -0, 36, 8.1999998092651, -97.5)
Sbp(1, -0, 0, -0, -30, 8.1999998092651, -97.5)
Sbp(1, -0, 0, -0, 6, 0.20000000298023, -97.5)
Sbp(1, -0, 0, -0, -0, 0.20000000298023, -97.5)
Sbp(1, -0, 0, -0, 42, 8.1999998092651, -97.5)
Sbp(1, -0, 0, -0, -30, 0.20000000298023, -97.5)
Sbp(1, -0, 0, -0, -0, 8.1999998092651, -97.5)
Sbp(1, -0, 0, -0, 18, 0.20000000298023, -97.5)
Sbp(1, -0, 0, -0, -33, 8.1999998092651, -96.5)
Sbp(1, -0, 0, -0, 48, 8.1999998092651, -97.5)
Sbp(1, -0, 0, -0, -54, 8.1999998092651, -97.5)
Sbp(1, -0, 0, -0, -87, 8.1999998092651, -96.5)
Sbp(1, -0, 0, -0, -18, 0.20000000298023, -97.5)
Sbp(1, -0, 0, -0, -6, 0.20000000298023, -97.5)
Sbp(1, -0, 0, -0, 78, 8.1999998092651, -97.5)
Sbp(1, -0, 0, -0, -36, 8.1999998092651, -97.5)
Sbp(1, -0, 0, -0, 48, 0.20000000298023, -97.5)
Sbp(1, -0, 0, -0, 42, 0.20000000298023, -97.5)
Sbp(1, -0, 0, -0, 30, 0.20000000298023, -97.5)
Sbp(1, -0, 0, -0, -12, 0.20000000298023, -97.5)
Sbp(1, -0, 0, -0, 60, 0.20000000298023, -97.5)
Sbp(1, -0, 0, -0, 18, 8.1999998092651, -97.5)
Sbp(1, -0, 0, -0, 30, 8.1999998092651, -97.5)
Sbp(1, -0, 0, -0, 54, 8.1999998092651, -97.5)
Sbp(1, -0, 0, -0, -45, 0.20000000298023, -96.5)
Sbp(1, -0, 0, -0, 12, 8.1999998092651, -97.5)
Sbp(1, -0, 0, -0, 90, 8.1999998092651, -97.5)
Sbp(1, -0, 0, -0, -15, 8.1999998092651, -96.5)
Sbp(1, -0, 0, -0, -63, 0.20000000298023, -96.5)
Sbp(1, -0, 0, -0, 24, 8.1999998092651, -97.5)
Sbp(1, -0, 0, -0, -81, 8.1999998092651, -96.5)
Sbp(1, -0, 0, -0, 90, 0.20000000298023, -97.5)
Sbp(1, -0, 0, -0, 60, 8.1999998092651, -97.5)
Sbp(1, -0, 0, -0, 24, 0.20000000298023, -97.5)
Sbp(1, -0, 0, -0, 3, 0.20000000298023, -96.5)
Sbp(1, -0, 0, -0, 66, 0.20000000298023, -97.5)
Sbp(1, -0, 0, -0, -3, 0.20000000298023, -96.5)
Sbp(1, -0, 0, -0, -51, 8.1999998092651, -96.5)
Sbp(1, -0, 0, -0, -69, 0.20000000298023, -96.5)
Sbp(1, -0, 0, -0, 84, 8.1999998092651, -97.5)
Sbp(1, -0, 0, -0, 78, 0.20000000298023, -97.5)
Sbp(1, -0, 0, -0, 96, 8.1999998092651, -97.5)
Sbp(1, -0, 0, -0, -57, 8.1999998092651, -96.5)
Sbp(1, -0, 0, -0, -45, 8.1999998092651, -96.5)
Sbp(1, -0, 0, -0, -93, 8.1999998092651, -96.5)
Sbp(1, -0, 0, -0, 27, 8.1999998092651, -96.5)
Sbp(1, -0, 0, -0, 66, 8.1999998092651, -97.5)
Sbp(1, -0, 0, -0, -39, 0.20000000298023, -96.5)
Sbp(1, -0, 0, -0, 54, 0.20000000298023, -97.5)
Sbp(1, -0, 0, -0, 72, 0.20000000298023, -97.5)
Sbp(1, -0, 0, -0, 45, 0.20000000298023, -96.5)
Sbp(1, -0, 0, -0, 72, 8.1999998092651, -97.5)
Sbp(1, -0, 0, -0, -81, 0.20000000298023, -96.5)
Sbp(1, -0, 0, -0, -63, 8.1999998092651, -96.5)
Sbp(1, -0, 0, -0, -57, 0.20000000298023, -96.5)
Sbp(1, -0, 0, -0, 15, 8.1999998092651, -96.5)
Sbp(1, -0, 0, -0, -75, 0.20000000298023, -96.5)
Sbp(1, -0, 0, -0, -27, 0.20000000298023, -96.5)
Sbp(1, 0, 1.5707963705063, 0, 96.5, 16.200000762939, 51)
Sbp(1, -0, 0, -0, -87, 0.20000000298023, -96.5)
Sbp(1, -0, 0, -0, -39, 8.1999998092651, -96.5)
Sbp(1, -0, 0, -0, 9, 8.1999998092651, -96.5)
Sbp(1, -0, 0, -0, -9, 8.1999998092651, -96.5)
Sbp(1, -0, 0, -0, -21, 8.1999998092651, -96.5)
Sbp(1, -0, 0, -0, -3, 8.1999998092651, -96.5)
Sbp(1, -0, 0, -0, -51, 0.20000000298023, -96.5)
Sbp(1, -0, 0, -0, 3, 8.1999998092651, -96.5)
Sbp(1, -0, 0, -0, -21, 0.20000000298023, -96.5)
Sbp(1, -0, 0, -0, 57, 0.20000000298023, -96.5)
Sbp(1, -0, 0, -0, -9, 0.20000000298023, -96.5)
Sbp(1, -0, 0, -0, 87, 0.20000000298023, -96.5)
Sbp(1, -0, 0, -0, 69, 0.20000000298023, -96.5)
Sbp(1, -0, 0, -0, 81, 8.1999998092651, -96.5)
Sbp(1, -0, 0, -0, 63, 8.1999998092651, -96.5)
Sbp(1, -0, 0, -0, -27, 8.1999998092651, -96.5)
Sbp(1, -0, 0, -0, -69, 8.1999998092651, -96.5)
Sbp(1, -0, 0, -0, -33, 0.20000000298023, -96.5)
Sbp(1, -0, 0, -0, -15, 0.20000000298023, -96.5)
Sbp(1, -0, 0, -0, 33, 8.1999998092651, -96.5)
Sbp(1, -0, 0, -0, 21, 8.1999998092651, -96.5)
Sbp(1, -0, 0, -0, 63, 0.20000000298023, -96.5)
Sbp(1, -0, 0, -0, 51, 8.1999998092651, -96.5)
Sbp(1, 0, 1.5707963705063, 0, 97.5, 0.20000000298023, -78)
Sbp(1, -0, 0, -0, 15, 0.20000000298023, -96.5)
Sbp(1, -0, 0, -0, 75, 0.20000000298023, -96.5)
Sbp(1, -0, 0, -0, 93, 8.1999998092651, -96.5)
Sbp(1, 0, 1.5707963705063, 0, 97.5, 0.20000000298023, -24)
Sbp(1, 0, 1.5707963705063, 0, 97.5, 0.20000000298023, -60)
Sbp(1, -0, 0, -0, 21, 0.20000000298023, -96.5)
Sbp(1, -0, 0, -0, 45, 8.1999998092651, -96.5)
Sbp(1, -0, 0, -0, 51, 0.20000000298023, -96.5)
Sbp(1, 0, 1.5707963705063, 0, 96.5, 16.200000762939, -75)
Sbp(1, 0, 1.5707963705063, 0, 96.5, 16.200000762939, -33)
Sbp(1, -0, 0, -0, 93, 0.20000000298023, -96.5)
Sbp(1, -0, 0, -0, 33, 0.20000000298023, -96.5)
Sbp(1, -0, 0, -0, 9, 0.20000000298023, -96.5)
Sbp(1, 0, 1.5707963705063, 0, 97.5, 8.1999998092651, 6)
Sbp(1, -0, 0, -0, 57, 8.1999998092651, -96.5)
Sbp(1, -0, 0, -0, 39, 0.20000000298023, -96.5)
Sbp(1, -0, 0, -0, 69, 8.1999998092651, -96.5)
Sbp(1, 0, 1.5707963705063, 0, 97.5, 8.1999998092651, -78)
Sbp(1, 0, 1.5707963705063, 0, 97.5, 0.20000000298023, -72)
Sbp(1, -0, 0, -0, 27, 0.20000000298023, -96.5)
Sbp(1, 0, 1.5707963705063, 0, 97.5, 0.20000000298023, -30)
Sbp(1, 0, 1.5707963705063, 0, 97.5, 8.1999998092651, -72)
Sbp(1, 0, 1.5707963705063, 0, 97.5, 0.20000000298023, -6)
Sbp(1, -0, 0, -0, 39, 8.1999998092651, -96.5)
Sbp(1, 0, 1.5707963705063, 0, 97.5, 16.200000762939, 66)
Sbp(1, 0, 1.5707963705063, 0, 97.5, 8.1999998092651, -96)
Sbp(1, 0, 1.5707963705063, 0, 97.5, 0.20000000298023, -48)
Sbp(1, 0, 1.5707963705063, 0, 97.5, 8.1999998092651, -90)
Sbp(1, 0, 1.5707963705063, 0, 97.5, 8.1999998092651, 24)
Sbp(1, 0, 1.5707963705063, 0, 97.5, 8.1999998092651, 36)
Sbp(1, -0, 0, -0, 75, 8.1999998092651, -96.5)
Sbp(1, 0, 1.5707963705063, 0, 97.5, 0.20000000298023, -84)
Sbp(1, 0, 1.5707963705063, 0, -97.5, 8.1999998092651, -66)
Sbp(1, 0, 1.5707963705063, 0, 97.5, 8.1999998092651, -30)
Sbp(1, 0, 1.5707963705063, 0, 97.5, 0.20000000298023, 90)
Sbp(1, 0, 1.5707963705063, 0, 97.5, 0.20000000298023, -42)
Sbp(1, 0, 1.5707963705063, 0, 97.5, 0.20000000298023, -96)
Sbp(1, -0, 0, -0, 81, 0.20000000298023, -96.5)
Sbp(1, 0, 1.5707963705063, 0, 97.5, 0.20000000298023, 48)
Sbp(1, 0, 1.5707963705063, 0, 97.5, 0.20000000298023, 36)
Sbp(1, 0, 1.5707963705063, 0, 97.5, 0.20000000298023, -90)
Sbp(1, -0, 0, -0, 87, 8.1999998092651, -96.5)
Sbp(1, 0, 1.5707963705063, 0, 97.5, 8.1999998092651, -84)
Sbp(1, 0, 1.5707963705063, 0, 97.5, 0.20000000298023, 42)
Sbp(1, 0, 1.5707963705063, 0, 97.5, 8.1999998092651, -24)
Sbp(1, 0, 1.5707963705063, 0, 97.5, 0.20000000298023, -54)
Sbp(1, 0, 1.5707963705063, 0, 96.5, 8.1999998092651, -33)
Sbp(1, 0, 1.5707963705063, 0, 97.5, 8.1999998092651, -66)
Sbp(1, 0, 1.5707963705063, 0, 97.5, 8.1999998092651, -36)
Sbp(1, 0, 1.5707963705063, 0, 97.5, 8.1999998092651, -48)
Sbp(1, 0, 1.5707963705063, 0, 97.5, 0.20000000298023, -18)
Sbp(1, 0, 1.5707963705063, 0, 97.5, 8.1999998092651, -42)
Sbp(1, 0, 1.5707963705063, 0, 97.5, 0.20000000298023, 30)
Sbp(1, 0, 1.5707963705063, 0, 96.5, 0.20000000298023, -69)
Sbp(1, 0, 1.5707963705063, 0, 97.5, 0.20000000298023, -12)
Sbp(1, 0, 1.5707963705063, 0, 97.5, 0.20000000298023, 84)
Sbp(1, 0, 1.5707963705063, 0, 97.5, 8.1999998092651, -60)
Sbp(1, 0, 1.5707963705063, 0, 96.5, 8.1999998092651, -75)
Sbp(1, 0, 1.5707963705063, 0, 97.5, 8.1999998092651, -54)
Sbp(1, 0, 1.5707963705063, 0, 97.5, 0.20000000298023, 12)
Sbp(1, 0, 1.5707963705063, 0, 97.5, 0.20000000298023, -36)
Sbp(1, 0, 1.5707963705063, 0, 97.5, 8.1999998092651, -18)
Sbp(1, 0, 1.5707963705063, 0, 97.5, 8.1999998092651, 18)
Sbp(1, 0, 1.5707963705063, 0, 97.5, 0.20000000298023, -66)
Sbp(1, 0, 1.5707963705063, 0, 97.5, 0.20000000298023, 18)
Sbp(1, 0, 1.5707963705063, 0, 96.5, 0.20000000298023, -57)
Sbp(1, 0, 1.5707963705063, 0, 97.5, 0.20000000298023, 72)
Sbp(1, 0, 1.5707963705063, 0, 97.5, 0.20000000298023, 24)
Sbp(1, 0, 1.5707963705063, 0, 97.5, 8.1999998092651, 66)
Sbp(1, 0, 1.5707963705063, 0, 97.5, 8.1999998092651, -6)
Sbp(1, 0, 1.5707963705063, 0, 97.5, 8.1999998092651, 12)
Sbp(1, 0, 1.5707963705063, 0, 96.5, 0.20000000298023, -45)
Sbp(1, 0, 1.5707963705063, 0, 97.5, 8.1999998092651, -12)
Sbp(1, 0, 1.5707963705063, 0, 97.5, 8.1999998092651, 60)
Sbp(1, 0, 1.5707963705063, 0, 97.5, 8.1999998092651, 84)
Sbp(1, 0, 1.5707963705063, 0, 97.5, 8.1999998092651, 72)
Sbp(1, 0, 1.5707963705063, 0, 97.5, 0.20000000298023, 60)
Sbp(1, 0, 1.5707963705063, 0, 97.5, 0.20000000298023, -0)
Sbp(1, 0, 1.5707963705063, 0, 96.5, 0.20000000298023, 3)
Sbp(1, 0, 1.5707963705063, 0, 97.5, 8.1999998092651, 96)
Sbp(1, 0, 1.5707963705063, 0, 97.5, 8.1999998092651, 90)
Sbp(1, 0, 1.5707963705063, 0, 97.5, 8.1999998092651, 30)
Sbp(1, 0, 1.5707963705063, 0, 97.5, 8.1999998092651, -0)
Sbp(1, 0, 1.5707963705063, 0, 97.5, 0.20000000298023, 6)
Sbp(1, 0, 1.5707963705063, 0, 96.5, 8.1999998092651, -63)
Sbp(1, 0, 1.5707963705063, 0, 97.5, 0.20000000298023, 66)
Sbp(1, 0, 1.5707963705063, 0, 97.5, 0.20000000298023, 78)
Sbp(1, 0, 1.5707963705063, 0, 96.5, 8.1999998092651, -3)
Sbp(1, 0, 1.5707963705063, 0, 97.5, 8.1999998092651, 78)
Sbp(1, 0, 1.5707963705063, 0, 96.5, 8.1999998092651, 69)
Sbp(1, 0, 1.5707963705063, 0, 97.5, 8.1999998092651, 48)
Sbp(1, 0, 1.5707963705063, 0, 97.5, 0.20000000298023, 54)
Sbp(1, 0, 1.5707963705063, 0, 96.5, 8.1999998092651, -39)
Sbp(1, 0, 1.5707963705063, 0, 96.5, 0.20000000298023, -93)
Sbp(1, 0, 1.5707963705063, 0, 96.5, 0.20000000298023, -3)
Sbp(1, 0, 1.5707963705063, 0, 96.5, 8.1999998092651, -51)
Sbp(1, 0, 1.5707963705063, 0, 96.5, 8.1999998092651, -81)
Sbp(1, 0, 1.5707963705063, 0, 97.5, 8.1999998092651, 42)
Sbp(1, 0, 1.5707963705063, 0, 96.5, 8.1999998092651, -45)
Sbp(1, 0, 1.5707963705063, 0, 96.5, 0.20000000298023, -87)
Sbp(1, 0, 1.5707963705063, 0, 97.5, 8.1999998092651, 54)
Sbp(1, 0, 1.5707963705063, 0, 96.5, 8.1999998092651, -27)
Sbp(1, 0, 1.5707963705063, 0, 96.5, 8.1999998092651, -87)
Sbp(1, 0, 1.5707963705063, 0, 96.5, 0.20000000298023, -81)
Sbp(1, 0, 1.5707963705063, 0, 96.5, 0.20000000298023, -63)
Sbp(1, 0, 1.5707963705063, 0, 96.5, 0.20000000298023, -39)
Sbp(1, 0, 1.5707963705063, 0, 96.5, 8.1999998092651, -57)
Sbp(1, 0, 1.5707963705063, 0, 96.5, 0.20000000298023, -33)
Sbp(1, 0, 1.5707963705063, 0, 96.5, 0.20000000298023, 33)
Sbp(1, 0, 1.5707963705063, 0, 96.5, 8.1999998092651, 9)
Sbp(1, 0, 1.5707963705063, 0, 97.5, 0.20000000298023, 96)
Sbp(1, 0, 1.5707963705063, 0, 96.5, 8.1999998092651, -21)
Sbp(1, 0, 1.5707963705063, 0, 96.5, 8.1999998092651, -93)
Sbp(1, 0, 1.5707963705063, 0, 96.5, 0.20000000298023, 75)
Sbp(1, 0, 1.5707963705063, 0, 96.5, 0.20000000298023, 45)
Sbp(1, 0, 1.5707963705063, 0, 96.5, 0.20000000298023, -75)
Sbp(1, 0, 1.5707963705063, 0, 96.5, 0.20000000298023, -15)
Sbp(1, 0, 1.5707963705063, 0, 96.5, 8.1999998092651, -15)
Sbp(1, 0, 1.5707963705063, 0, 96.5, 0.20000000298023, -51)
Sbp(1, 0, 1.5707963705063, 0, 96.5, 8.1999998092651, -69)
Sbp(1, 0, 1.5707963705063, 0, 96.5, 0.20000000298023, 21)
Sbp(1, 0, 1.5707963705063, 0, 96.5, 0.20000000298023, -27)
Sbp(1, 0, 1.5707963705063, 0, 96.5, 0.20000000298023, 51)
Sbp(1, 0, 1.5707963705063, 0, 96.5, 8.1999998092651, 21)
Sbp(1, 0, 1.5707963705063, 0, 96.5, 8.1999998092651, -9)
Sbp(1, 0, 1.5707963705063, 0, -97.5, 8.1999998092651, -90)
Sbp(1, 0, 1.5707963705063, 0, 96.5, 8.1999998092651, 51)
Sbp(1, 0, 1.5707963705063, 0, 96.5, 8.1999998092651, 87)
Sbp(1, 0, 1.5707963705063, 0, 96.5, 0.20000000298023, 57)
Sbp(1, 0, 1.5707963705063, 0, 96.5, 0.20000000298023, -21)
Sbp(1, 0, 1.5707963705063, 0, 96.5, 0.20000000298023, 39)
Sbp(1, 0, 1.5707963705063, 0, 96.5, 0.20000000298023, -9)
Sbp(1, 0, 1.5707963705063, 0, 96.5, 0.20000000298023, 87)
Sbp(1, 0, 1.5707963705063, 0, -97.5, 0.20000000298023, -36)
Sbp(1, 0, 1.5707963705063, 0, 96.5, 8.1999998092651, 39)
Sbp(1, 0, 1.5707963705063, 0, 96.5, 8.1999998092651, 3)
Sbp(1, 0, 1.5707963705063, 0, -97.5, 0.20000000298023, -96)
Sbp(1, 0, 1.5707963705063, 0, 96.5, 8.1999998092651, 33)
Sbp(1, 0, 1.5707963705063, 0, 96.5, 8.1999998092651, 45)
Sbp(1, 0, 1.5707963705063, 0, 96.5, 8.1999998092651, 15)
Sbp(1, 0, 1.5707963705063, 0, -97.5, 8.1999998092651, -54)
Sbp(1, 0, 1.5707963705063, 0, 96.5, 0.20000000298023, 15)
Sbp(1, 0, 1.5707963705063, 0, -97.5, 8.1999998092651, -60)
Sbp(1, 0, 1.5707963705063, 0, -97.5, 0.20000000298023, -84)
Sbp(1, 0, 1.5707963705063, 0, -97.5, 8.1999998092651, -78)
Sbp(1, 0, 1.5707963705063, 0, 96.5, 0.20000000298023, 9)
Sbp(1, 0, 1.5707963705063, 0, 96.5, 0.20000000298023, 63)
Sbp(1, 0, 1.5707963705063, 0, -97.5, 8.1999998092651, -0)
Sbp(1, 0, 1.5707963705063, 0, -97.5, 8.1999998092651, -84)
Sbp(1, 0, 1.5707963705063, 0, 96.5, 8.1999998092651, 57)
Sbp(1, 0, 1.5707963705063, 0, -97.5, 0.20000000298023, -42)
Sbp(1, 0, 1.5707963705063, 0, 96.5, 0.20000000298023, 81)
Sbp(1, 0, 1.5707963705063, 0, 96.5, 8.1999998092651, 27)
Sbp(1, 0, 1.5707963705063, 0, 96.5, 0.20000000298023, 27)
Sbp(1, 0, 1.5707963705063, 0, 96.5, 8.1999998092651, 75)
Sbp(1, 0, 1.5707963705063, 0, -97.5, 8.1999998092651, -42)
Sbp(1, 0, 1.5707963705063, 0, 96.5, 8.1999998092651, 93)
Sbp(1, 0, 1.5707963705063, 0, -97.5, 0.20000000298023, -60)
Sbp(1, 0, 1.5707963705063, 0, -97.5, 8.1999998092651, -36)
Sbp(1, 0, 1.5707963705063, 0, -97.5, 0.20000000298023, -30)
Sbp(1, 0, 1.5707963705063, 0, -97.5, 8.1999998092651, -96)
Sbp(1, 0, 1.5707963705063, 0, 96.5, 8.1999998092651, 63)
Sbp(1, 0, 1.5707963705063, 0, -97.5, 8.1999998092651, 36)
Sbp(1, 0, 1.5707963705063, 0, -97.5, 0.20000000298023, -66)
Sbp(1, 0, 1.5707963705063, 0, -97.5, 8.1999998092651, 18)
Sbp(1, 0, 1.5707963705063, 0, 96.5, 0.20000000298023, 69)
Sbp(1, 0, 1.5707963705063, 0, -97.5, 0.20000000298023, 24)
Sbp(1, 0, 1.5707963705063, 0, -97.5, 0.20000000298023, -0)
Sbp(1, 0, 1.5707963705063, 0, -97.5, 0.20000000298023, -90)
Sbp(1, 0, 1.5707963705063, 0, -97.5, 0.20000000298023, -72)
Sbp(1, 0, 1.5707963705063, 0, -97.5, 0.20000000298023, 6)
Sbp(1, 0, 1.5707963705063, 0, 96.5, 8.1999998092651, 81)
Sbp(1, 0, 1.5707963705063, 0, -97.5, 0.20000000298023, -78)
Sbp(1, 0, 1.5707963705063, 0, 96.5, 0.20000000298023, 93)
Sbp(1, 0, 1.5707963705063, 0, -97.5, 8.1999998092651, -12)
Sbp(1, 0, 1.5707963705063, 0, -97.5, 0.20000000298023, -24)
Sbp(1, 0, 1.5707963705063, 0, -97.5, 0.20000000298023, -48)
Sbp(1, 0, 1.5707963705063, 0, -97.5, 0.20000000298023, 12)
Sbp(1, 0, 1.5707963705063, 0, -97.5, 0.20000000298023, -12)
Sbp(1, 0, 1.5707963705063, 0, -96.5, 8.1999998092651, 9)
Sbp(1, 0, 1.5707963705063, 0, -97.5, 8.1999998092651, -30)
Sbp(1, 0, 1.5707963705063, 0, -97.5, 0.20000000298023, -54)
Sbp(1, 0, 1.5707963705063, 0, -96.5, 8.1999998092651, 33)
Sbp(1, 0, 1.5707963705063, 0, -97.5, 8.1999998092651, 6)
Sbp(1, 0, 1.5707963705063, 0, -97.5, 8.1999998092651, 60)
Sbp(1, 0, 1.5707963705063, 0, -97.5, 8.1999998092651, 30)
Sbp(1, 0, 1.5707963705063, 0, -96.5, 0.20000000298023, -81)
Sbp(1, 0, 1.5707963705063, 0, -97.5, 0.20000000298023, -18)
Sbp(1, 0, 1.5707963705063, 0, -97.5, 0.20000000298023, 78)
Sbp(1, 0, 1.5707963705063, 0, -97.5, 8.1999998092651, 54)
Sbp(1, 0, 1.5707963705063, 0, -96.5, 0.20000000298023, 9)
Sbp(1, 0, 1.5707963705063, 0, -97.5, 8.1999998092651, 96)
Sbp(1, 0, 1.5707963705063, 0, -97.5, 8.1999998092651, 42)
Sbp(1, 0, 1.5707963705063, 0, -97.5, 8.1999998092651, 12)
Sbp(1, 0, 1.5707963705063, 0, -97.5, 0.20000000298023, -6)
Sbp(1, 0, 1.5707963705063, 0, -97.5, 8.1999998092651, 72)
Sbp(1, 0, 1.5707963705063, 0, -97.5, 8.1999998092651, -18)
Sbp(1, 0, 1.5707963705063, 0, -96.5, 8.1999998092651, 63)
Sbp(1, 0, 1.5707963705063, 0, -97.5, 8.1999998092651, -24)
Sbp(1, 0, 1.5707963705063, 0, -97.5, 8.1999998092651, 24)
Sbp(1, 0, 1.5707963705063, 0, -97.5, 8.1999998092651, 48)
Sbp(1, 0, 1.5707963705063, 0, -96.5, 0.20000000298023, -33)
Sbp(1, 0, 1.5707963705063, 0, -96.5, 8.1999998092651, -69)
Sbp(1, 0, 1.5707963705063, 0, -97.5, 8.1999998092651, 66)
Sbp(1, 0, 1.5707963705063, 0, -97.5, 8.1999998092651, -6)
Sbp(1, 0, 1.5707963705063, 0, -97.5, 0.20000000298023, 66)
Sbp(1, 0, 1.5707963705063, 0, -97.5, 0.20000000298023, 72)
Sbp(1, 0, 1.5707963705063, 0, -97.5, 0.20000000298023, 30)
Sbp(1, 0, 1.5707963705063, 0, -96.5, 8.1999998092651, 27)
Sbp(1, 0, 1.5707963705063, 0, -96.5, 0.20000000298023, -57)
Sbp(1, 0, 1.5707963705063, 0, -97.5, 0.20000000298023, 18)
Sbp(1, 0, 1.5707963705063, 0, -97.5, 0.20000000298023, 42)
Sbp(1, 0, 1.5707963705063, 0, -97.5, 0.20000000298023, 60)
Sbp(1, 0, 1.5707963705063, 0, -97.5, 0.20000000298023, 84)
Sbp(1, 0, 1.5707963705063, 0, -97.5, 0.20000000298023, 36)
Sbp(1, 0, 1.5707963705063, 0, -97.5, 0.20000000298023, 54)
Sbp(1, 0, 1.5707963705063, 0, -96.5, 8.1999998092651, -93)
Sbp(1, 0, 1.5707963705063, 0, -97.5, 8.1999998092651, 78)
Sbp(1, 0, 1.5707963705063, 0, -97.5, 0.20000000298023, 48)
Sbp(1, 0, 1.5707963705063, 0, -96.5, 0.20000000298023, -93)
Sbp(1, 0, 1.5707963705063, 0, -96.5, 0.20000000298023, -27)
Sbp(1, 0, 1.5707963705063, 0, -96.5, 0.20000000298023, -63)
Sbp(1, 0, 1.5707963705063, 0, -96.5, 0.20000000298023, -45)
Sbp(1, 0, 1.5707963705063, 0, -97.5, 8.1999998092651, 84)
Sbp(1, 0, 1.5707963705063, 0, -96.5, 0.20000000298023, 15)
Sbp(1, 0, 1.5707963705063, 0, -97.5, 0.20000000298023, 96)
Sbp(1, 0, 1.5707963705063, 0, -96.5, 8.1999998092651, -57)
Sbp(1, 0, 1.5707963705063, 0, -96.5, 0.20000000298023, -75)
Sbp(1, 0, 1.5707963705063, 0, -96.5, 0.20000000298023, 21)
Sbp(1, 0, 1.5707963705063, 0, -96.5, 0.20000000298023, -69)
Sbp(1, 0, 1.5707963705063, 0, -96.5, 8.1999998092651, -87)
Sbp(1, 0, 1.5707963705063, 0, -96.5, 8.1999998092651, -81)
Sbp(1, 0, 1.5707963705063, 0, -96.5, 8.1999998092651, -75)
Sbp(1, 0, 1.5707963705063, 0, -97.5, 8.1999998092651, 90)
Sbp(1, 0, 1.5707963705063, 0, -96.5, 8.1999998092651, -15)
Sbp(1, 0, 1.5707963705063, 0, -96.5, 0.20000000298023, 87)
Sbp(1, 0, 1.5707963705063, 0, -97.5, 0.20000000298023, 90)
Sbp(1, 0, 1.5707963705063, 0, -96.5, 8.1999998092651, 39)
Sbp(1, 0, 1.5707963705063, 0, -96.5, 0.20000000298023, 3)
Sbp(1, 0, 1.5707963705063, 0, -96.5, 0.20000000298023, 39)
Sbp(1, 0, 1.5707963705063, 0, -96.5, 8.1999998092651, -63)
Sbp(1, 0, 1.5707963705063, 0, -96.5, 8.1999998092651, -45)
Sbp(1, 0, 1.5707963705063, 0, -96.5, 0.20000000298023, -39)
Sbp(1, 0, 1.5707963705063, 0, -96.5, 0.20000000298023, -9)
Sbp(1, 0, 1.5707963705063, 0, -96.5, 8.1999998092651, -27)
Sbp(1, 0, 1.5707963705063, 0, -96.5, 0.20000000298023, 93)
Sbp(1, 0, 1.5707963705063, 0, -96.5, 0.20000000298023, -51)
Sbp(1, 0, 1.5707963705063, 0, -96.5, 0.20000000298023, -21)
Sbp(1, 0, 1.5707963705063, 0, -96.5, 8.1999998092651, 3)
Sbp(1, 0, 1.5707963705063, 0, -96.5, 0.20000000298023, 57)
Sbp(1, 0, 1.5707963705063, 0, -96.5, 8.1999998092651, -9)
Sbp(1, 0, 1.5707963705063, 0, -96.5, 0.20000000298023, 45)
Sbp(1, 0, 1.5707963705063, 0, -96.5, 0.20000000298023, -15)
Sbp(1, -0, 0, -0, -54, 16.200000762939, 97.5)
Sbp(1, 0, 1.5707963705063, 0, -96.5, 8.1999998092651, -51)
Sbp(1, 0, 1.5707963705063, 0, -96.5, 8.1999998092651, -21)
Sbp(1, 0, 1.5707963705063, 0, -96.5, 0.20000000298023, 51)
Sbp(1, 0, 1.5707963705063, 0, -96.5, 8.1999998092651, -39)
Sbp(1, 0, 1.5707963705063, 0, -96.5, 0.20000000298023, 63)
Sbp(1, -0, 0, -0, -66, 16.200000762939, 97.5)
Sbp(1, 0, 1.5707963705063, 0, -96.5, 8.1999998092651, -33)
Sbp(1, 0, 1.5707963705063, 0, -96.5, 8.1999998092651, 87)
Sbp(1, -0, 0, -0, -90, 16.200000762939, 97.5)
Sbp(1, 0, 1.5707963705063, 0, -96.5, 0.20000000298023, 75)
Sbp(1, 0, 1.5707963705063, 0, -96.5, 8.1999998092651, 21)
Sbp(1, 0, 1.5707963705063, 0, -96.5, 8.1999998092651, 57)
Sbp(1, 0, 1.5707963705063, 0, -96.5, 8.1999998092651, 15)
Sbp(1, 0, 1.5707963705063, 0, -96.5, 0.20000000298023, -3)
Sbp(1, -0, 0, -0, -72, 24.200000762939, 97.5)
Sbp(1, 0, 1.5707963705063, 0, -96.5, 8.1999998092651, -3)
Sbp(1, 0, 1.5707963705063, 0, -96.5, 8.1999998092651, 45)
Sbp(1, -0, 0, -0, -48, 16.200000762939, 97.5)
Sbp(1, 0, 1.5707963705063, 0, -96.5, 0.20000000298023, 81)
Sbp(1, -0, 0, -0, -60, 16.200000762939, 97.5)
Sbp(1, -0, 0, -0, -93, 16.200000762939, 96.5)
Sbp(1, 0, 1.5707963705063, 0, -96.5, 8.1999998092651, 51)
Sbp(1, 0, 1.5707963705063, 0, -96.5, 0.20000000298023, 33)
Sbp(1, 0, 1.5707963705063, 0, -96.5, 0.20000000298023, 27)
Sbp(1, -0, 0, -0, -30, 16.200000762939, 97.5)
Sbp(1, 0, 1.5707963705063, 0, -96.5, 8.1999998092651, 93)
Sbp(1, 0, 1.5707963705063, 0, -96.5, 8.1999998092651, 75)
Sbp(1, -0, 0, -0, -78, 24.200000762939, 97.5)
Sbp(1, -0, 0, -0, -60, 24.200000762939, 97.5)
Sbp(1, -0, 0, -0, 6, 16.200000762939, 97.5)
Sbp(1, -0, 0, -0, 12, 16.200000762939, 97.5)
Sbp(1, 0, 1.5707963705063, 0, -96.5, 8.1999998092651, 69)
Sbp(1, -0, 0, -0, -87, 24.200000762939, 96.5)
Sbp(1, -0, 0, -0, -78, 16.200000762939, 97.5)
Sbp(1, -0, 0, -0, 54, 24.200000762939, 97.5)
Sbp(1, -0, 0, -0, -90, 24.200000762939, 97.5)
Sbp(1, -0, 0, -0, -48, 24.200000762939, 97.5)
Sbp(1, -0, 0, -0, -6, 16.200000762939, 97.5)
Sbp(1, -0, 0, -0, -21, 16.200000762939, 96.5)
Sbp(1, -0, 0, -0, -36, 24.200000762939, 97.5)
Sbp(1, -0, 0, -0, -96, 16.200000762939, 97.5)
Sbp(1, 0, 1.5707963705063, 0, -96.5, 0.20000000298023, 69)
Sbp(1, 0, 1.5707963705063, 0, -96.5, 8.1999998092651, 81)
Sbp(1, -0, 0, -0, 42, 24.200000762939, 97.5)
Sbp(1, -0, 0, -0, -66, 24.200000762939, 97.5)
Sbp(1, -0, 0, -0, -96, 24.200000762939, 97.5)
Sbp(1, -0, 0, -0, -12, 24.200000762939, 97.5)
Sbp(1, -0, 0, -0, 54, 16.200000762939, 97.5)
Sbp(1, -0, 0, -0, -18, 16.200000762939, 97.5)
Sbp(1, -0, 0, -0, -30, 24.200000762939, 97.5)
Sbp(1, -0, 0, -0, -84, 16.200000762939, 97.5)
Sbp(1, -0, 0, -0, -84, 24.200000762939, 97.5)
Sbp(1, -0, 0, -0, -42, 16.200000762939, 97.5)
Sbp(1, -0, 0, -0, 60, 16.200000762939, 97.5)
Sbp(1, -0, 0, -0, -54, 24.200000762939, 97.5)
Sbp(1, -0, 0, -0, -72, 16.200000762939, 97.5)
Sbp(1, -0, 0, -0, 6, 24.200000762939, 97.5)
Sbp(1, -0, 0, -0, -0, 16.200000762939, 97.5)
Sbp(1, -0, 0, -0, 12, 24.200000762939, 97.5)
Sbp(1, -0, 0, -0, -0, 24.200000762939, 97.5)
Sbp(1, -0, 0, -0, -24, 24.200000762939, 97.5)
Sbp(1, -0, 0, -0, -36, 16.200000762939, 97.5)
Sbp(1, -0, 0, -0, -42, 24.200000762939, 97.5)
Sbp(1, -0, 0, -0, -69, 16.200000762939, 96.5)
Sbp(1, -0, 0, -0, 18, 24.200000762939, 97.5)
Sbp(1, -0, 0, -0, -24, 16.200000762939, 97.5)
Sbp(1, -0, 0, -0, -45, 24.200000762939, 96.5)
Sbp(1, -0, 0, -0, 48, 16.200000762939, 97.5)
Sbp(1, -0, 0, -0, 30, 24.200000762939, 97.5)
Sbp(1, -0, 0, -0, -57, 24.200000762939, 96.5)
Sbp(1, -0, 0, -0, 90, 24.200000762939, 97.5)
Sbp(1, 0, 1.5707963705063, 0, 97.5, 16.200000762939, -0)
Sbp(1, -0, 0, -0, -6, 24.200000762939, 97.5)
Sbp(1, -0, 0, -0, -12, 16.200000762939, 97.5)
Sbp(1, -0, 0, -0, 30, 16.200000762939, 97.5)
Sbp(1, -0, 0, -0, 18, 16.200000762939, 97.5)
Sbp(1, -0, 0, -0, -81, 16.200000762939, 96.5)
Sbp(1, -0, 0, -0, -18, 24.200000762939, 97.5)
Sbp(1, -0, 0, -0, -87, 16.200000762939, 96.5)
Sbp(1, -0, 0, -0, 24, 16.200000762939, 97.5)
Sbp(1, -0, 0, -0, 66, 24.200000762939, 97.5)
Sbp(1, -0, 0, -0, 60, 24.200000762939, 97.5)
Sbp(1, -0, 0, -0, 3, 16.200000762939, 96.5)
Sbp(1, -0, 0, -0, 39, 16.200000762939, 96.5)
Sbp(1, -0, 0, -0, 63, 16.200000762939, 96.5)
Sbp(1, -0, 0, -0, 48, 24.200000762939, 97.5)
Sbp(1, -0, 0, -0, -51, 24.200000762939, 96.5)
Sbp(1, -0, 0, -0, 72, 16.200000762939, 97.5)
Sbp(1, -0, 0, -0, 36, 24.200000762939, 97.5)
Sbp(1, -0, 0, -0, 24, 24.200000762939, 97.5)
Sbp(1, -0, 0, -0, 45, 24.200000762939, 96.5)
Sbp(1, -0, 0, -0, 27, 16.200000762939, 96.5)
Sbp(1, -0, 0, -0, 96, 16.200000762939, 97.5)
Sbp(1, -0, 0, -0, 36, 16.200000762939, 97.5)
Sbp(1, -0, 0, -0, -81, 24.200000762939, 96.5)
Sbp(1, -0, 0, -0, -39, 24.200000762939, 96.5)
Sbp(1, -0, 0, -0, 42, 16.200000762939, 97.5)
Sbp(1, -0, 0, -0, -93, 24.200000762939, 96.5)
Sbp(1, -0, 0, -0, -27, 16.200000762939, 96.5)
Sbp(1, -0, 0, -0, 84, 16.200000762939, 97.5)
Sbp(1, -0, 0, -0, -15, 16.200000762939, 96.5)
Sbp(1, -0, 0, -0, 96, 24.200000762939, 97.5)
Sbp(1, -0, 0, -0, 90, 16.200000762939, 97.5)
Sbp(1, -0, 0, -0, -51, 16.200000762939, 96.5)
Sbp(1, -0, 0, -0, -75, 24.200000762939, 96.5)
Sbp(1, -0, 0, -0, -57, 16.200000762939, 96.5)
Sbp(1, -0, 0, -0, 78, 16.200000762939, 97.5)
Sbp(1, -0, 0, -0, 72, 24.200000762939, 97.5)
Sbp(1, -0, 0, -0, -33, 24.200000762939, 96.5)
Sbp(1, -0, 0, -0, -84, 16.200000762939, -97.5)
Sbp(1, -0, 0, -0, -39, 16.200000762939, 96.5)
Sbp(1, -0, 0, -0, 51, 16.200000762939, 96.5)
Sbp(1, -0, 0, -0, 9, 16.200000762939, 96.5)
Sbp(1, -0, 0, -0, 78, 24.200000762939, 97.5)
Sbp(1, -0, 0, -0, 84, 24.200000762939, 97.5)
Sbp(1, -0, 0, -0, -33, 16.200000762939, 96.5)
Sbp(1, -0, 0, -0, -75, 16.200000762939, 96.5)
Sbp(1, -0, 0, -0, -84, 24.200000762939, -97.5)
Sbp(1, -0, 0, -0, -69, 24.200000762939, 96.5)
Sbp(1, -0, 0, -0, 63, 24.200000762939, 96.5)
Sbp(1, -0, 0, -0, 66, 16.200000762939, 97.5)
Sbp(1, -0, 0, -0, 33, 16.200000762939, 96.5)
Sbp(1, -0, 0, -0, -9, 16.200000762939, 96.5)
Sbp(1, -0, 0, -0, 15, 16.200000762939, 96.5)
Sbp(1, -0, 0, -0, -45, 16.200000762939, 96.5)
Sbp(1, -0, 0, -0, 81, 16.200000762939, 96.5)
Sbp(1, -0, 0, -0, -90, 16.200000762939, -97.5)
Sbp(1, -0, 0, -0, 3, 24.200000762939, 96.5)
Sbp(1, -0, 0, -0, 9, 24.200000762939, 96.5)
Sbp(1, -0, 0, -0, 69, 16.200000762939, 96.5)
Sbp(1, -0, 0, -0, -3, 16.200000762939, 96.5)
Sbp(1, -0, 0, -0, -63, 16.200000762939, 96.5)
Sbp(1, -0, 0, -0, 27, 24.200000762939, 96.5)
Sbp(1, -0, 0, -0, 21, 24.200000762939, 96.5)
Sbp(1, -0, 0, -0, -21, 24.200000762939, 96.5)
Sbp(1, -0, 0, -0, -27, 24.200000762939, 96.5)
Sbp(1, -0, 0, -0, 21, 16.200000762939, 96.5)
Sbp(1, -0, 0, -0, -3, 24.200000762939, 96.5)
Sbp(1, -0, 0, -0, 51, 24.200000762939, 96.5)
Sbp(1, -0, 0, -0, 69, 24.200000762939, 96.5)
Sbp(1, -0, 0, -0, -63, 24.200000762939, 96.5)
Sbp(1, -0, 0, -0, 75, 24.200000762939, 96.5)
Sbp(1, -0, 0, -0, -15, 24.200000762939, 96.5)
Sbp(1, -0, 0, -0, -12, 16.200000762939, -97.5)
Sbp(1, -0, 0, -0, -6, 24.200000762939, -97.5)
Sbp(1, -0, 0, -0, 93, 24.200000762939, 96.5)
Sbp(1, -0, 0, -0, -9, 24.200000762939, 96.5)
Sbp(1, -0, 0, -0, 75, 16.200000762939, 96.5)
Sbp(1, -0, 0, -0, 15, 24.200000762939, 96.5)
Sbp(1, -0, 0, -0, -48, 16.200000762939, -97.5)
Sbp(1, -0, 0, -0, 45, 16.200000762939, 96.5)
Sbp(1, -0, 0, -0, -66, 24.200000762939, -97.5)
Sbp(1, -0, 0, -0, -72, 16.200000762939, -97.5)
Sbp(1, -0, 0, -0, 87, 16.200000762939, 96.5)
Sbp(1, -0, 0, -0, 12, 24.200000762939, -97.5)
Sbp(1, -0, 0, -0, -66, 16.200000762939, -97.5)
Sbp(1, -0, 0, -0, 87, 24.200000762939, 96.5)
Sbp(1, -0, 0, -0, 30, 16.200000762939, -97.5)
Sbp(1, -0, 0, -0, 33, 24.200000762939, 96.5)
Sbp(1, -0, 0, -0, -54, 24.200000762939, -97.5)
Sbp(1, -0, 0, -0, -72, 24.200000762939, -97.5)
Sbp(1, -0, 0, -0, 39, 24.200000762939, 96.5)
Sbp(1, -0, 0, -0, -78, 24.200000762939, -97.5)
Sbp(1, -0, 0, -0, 90, 24.200000762939, -97.5)
Sbp(1, -0, 0, -0, -18, 16.200000762939, -97.5)
Sbp(1, -0, 0, -0, -18, 24.200000762939, -97.5)
Sbp(1, -0, 0, -0, 57, 16.200000762939, 96.5)
Sbp(1, -0, 0, -0, 81, 24.200000762939, 96.5)
Sbp(1, -0, 0, -0, -42, 24.200000762939, -97.5)
Sbp(1, -0, 0, -0, 57, 24.200000762939, 96.5)
Sbp(1, -0, 0, -0, -24, 24.200000762939, -97.5)
Sbp(1, -0, 0, -0, -12, 24.200000762939, -97.5)
Sbp(1, -0, 0, -0, -60, 16.200000762939, -97.5)
Sbp(1, -0, 0, -0, 93, 16.200000762939, 96.5)
Sbp(1, -0, 0, -0, -30, 16.200000762939, -97.5)
Sbp(1, -0, 0, -0, -42, 16.200000762939, -97.5)
Sbp(1, -0, 0, -0, -69, 16.200000762939, -96.5)
Sbp(1, -0, 0, -0, -54, 16.200000762939, -97.5)
Sbp(1, -0, 0, -0, -24, 16.200000762939, -97.5)
Sbp(1, -0, 0, -0, 90, 16.200000762939, -97.5)
Sbp(1, -0, 0, -0, 96, 24.200000762939, -97.5)
Sbp(1, -0, 0, -0, 6, 24.200000762939, -97.5)
Sbp(1, -0, 0, -0, -6, 16.200000762939, -97.5)
Sbp(1, -0, 0, -0, -96, 16.200000762939, -97.5)
Sbp(1, -0, 0, -0, -0, 16.200000762939, -97.5)
Sbp(1, -0, 0, -0, -96, 24.200000762939, -97.5)
Sbp(1, -0, 0, -0, -90, 24.200000762939, -97.5)
Sbp(1, -0, 0, -0, 36, 24.200000762939, -97.5)
Sbp(1, -0, 0, -0, -78, 16.200000762939, -97.5)
Sbp(1, -0, 0, -0, -75, 24.200000762939, -96.5)
Sbp(1, -0, 0, -0, 48, 24.200000762939, -97.5)
Sbp(1, -0, 0, -0, -60, 24.200000762939, -97.5)
Sbp(1, -0, 0, -0, 42, 24.200000762939, -97.5)
Sbp(1, -0, 0, -0, 78, 16.200000762939, -97.5)
Sbp(1, -0, 0, -0, -48, 24.200000762939, -97.5)
Sbp(1, -0, 0, -0, 30, 24.200000762939, -97.5)
Sbp(1, -0, 0, -0, 48, 16.200000762939, -97.5)
Sbp(1, -0, 0, -0, 24, 16.200000762939, -97.5)
Sbp(1, -0, 0, -0, -30, 24.200000762939, -97.5)
Sbp(1, -0, 0, -0, -81, 24.200000762939, -96.5)
Sbp(1, -0, 0, -0, -36, 16.200000762939, -97.5)
Sbp(1, -0, 0, -0, 60, 24.200000762939, -97.5)
Sbp(1, -0, 0, -0, -36, 24.200000762939, -97.5)
Sbp(1, -0, 0, -0, 84, 24.200000762939, -97.5)
Sbp(1, -0, 0, -0, 42, 16.200000762939, -97.5)
Sbp(1, -0, 0, -0, 36, 16.200000762939, -97.5)
Sbp(1, -0, 0, -0, 15, 16.200000762939, -96.5)
Sbp(1, -0, 0, -0, -39, 24.200000762939, -96.5)
Sbp(1, -0, 0, -0, 60, 16.200000762939, -97.5)
Sbp(1, -0, 0, -0, -3, 24.200000762939, -96.5)
Sbp(1, -0, 0, -0, -0, 24.200000762939, -97.5)
Sbp(1, -0, 0, -0, 12, 16.200000762939, -97.5)
Sbp(1, -0, 0, -0, 18, 24.200000762939, -97.5)
Sbp(1, -0, 0, -0, -57, 16.200000762939, -96.5)
Sbp(1, -0, 0, -0, -93, 16.200000762939, -96.5)
Sbp(1, -0, 0, -0, 24, 24.200000762939, -97.5)
Sbp(1, -0, 0, -0, 54, 16.200000762939, -97.5)
Sbp(1, -0, 0, -0, -39, 16.200000762939, -96.5)
Sbp(1, -0, 0, -0, 72, 16.200000762939, -97.5)
Sbp(1, -0, 0, -0, 6, 16.200000762939, -97.5)
Sbp(1, -0, 0, -0, -63, 24.200000762939, -96.5)
Sbp(1, -0, 0, -0, -69, 24.200000762939, -96.5)
Sbp(1, -0, 0, -0, 18, 16.200000762939, -97.5)
Sbp(1, -0, 0, -0, 66, 24.200000762939, -97.5)
Sbp(1, 0, 1.5707963705063, 0, 97.5, 16.200000762939, -72)
Sbp(1, -0, 0, -0, -15, 16.200000762939, -96.5)
Sbp(1, -0, 0, -0, 54, 24.200000762939, -97.5)
Sbp(1, -0, 0, -0, -93, 24.200000762939, -96.5)
Sbp(1, -0, 0, -0, -75, 16.200000762939, -96.5)
Sbp(1, -0, 0, -0, 78, 24.200000762939, -97.5)
Sbp(1, -0, 0, -0, 84, 16.200000762939, -97.5)
Sbp(1, -0, 0, -0, 96, 16.200000762939, -97.5)
Sbp(1, -0, 0, -0, 72, 24.200000762939, -97.5)
Sbp(1, 0, 1.5707963705063, 0, 97.5, 24.200000762939, -90)
Sbp(1, -0, 0, -0, -51, 16.200000762939, -96.5)
Sbp(1, -0, 0, -0, 9, 24.200000762939, -96.5)
Sbp(1, -0, 0, -0, 3, 16.200000762939, -96.5)
Sbp(1, -0, 0, -0, -51, 24.200000762939, -96.5)
Sbp(1, -0, 0, -0, -45, 24.200000762939, -96.5)
Sbp(1, -0, 0, -0, 66, 16.200000762939, -97.5)
Sbp(1, -0, 0, -0, -81, 16.200000762939, -96.5)
Sbp(1, -0, 0, -0, -87, 16.200000762939, -96.5)
Sbp(1, -0, 0, -0, 57, 16.200000762939, -96.5)
Sbp(1, -0, 0, -0, 15, 24.200000762939, -96.5)
Sbp(1, -0, 0, -0, 87, 16.200000762939, -96.5)
Sbp(1, -0, 0, -0, -45, 16.200000762939, -96.5)
Sbp(1, -0, 0, -0, 9, 16.200000762939, -96.5)
Sbp(1, -0, 0, -0, -57, 24.200000762939, -96.5)
Sbp(1, -0, 0, -0, -87, 24.200000762939, -96.5)
Sbp(1, -0, 0, -0, 63, 16.200000762939, -96.5)
Sbp(1, -0, 0, -0, 3, 24.200000762939, -96.5)
Sbp(1, -0, 0, -0, 33, 16.200000762939, -96.5)
Sbp(1, -0, 0, -0, -21, 24.200000762939, -96.5)
Sbp(1, -0, 0, -0, -15, 24.200000762939, -96.5)
Sbp(1, -0, 0, -0, -3, 16.200000762939, -96.5)
Sbp(1, -0, 0, -0, -27, 24.200000762939, -96.5)
Sbp(1, -0, 0, -0, -63, 16.200000762939, -96.5)
Sbp(1, -0, 0, -0, -21, 16.200000762939, -96.5)
Sbp(1, -0, 0, -0, -9, 16.200000762939, -96.5)
Sbp(1, -0, 0, -0, -9, 24.200000762939, -96.5)
Sbp(1, -0, 0, -0, -33, 16.200000762939, -96.5)
Sbp(1, -0, 0, -0, -33, 24.200000762939, -96.5)
Sbp(1, 0, 1.5707963705063, 0, 97.5, 16.200000762939, -60)
Sbp(1, -0, 0, -0, 81, 16.200000762939, -96.5)
Sbp(1, -0, 0, -0, 27, 24.200000762939, -96.5)
Sbp(1, 0, 1.5707963705063, 0, 97.5, 16.200000762939, -30)
Sbp(1, -0, 0, -0, 63, 24.200000762939, -96.5)
Sbp(1, -0, 0, -0, 87, 24.200000762939, -96.5)
Sbp(1, 0, 1.5707963705063, 0, 97.5, 16.200000762939, 12)
Sbp(1, -0, 0, -0, 45, 24.200000762939, -96.5)
Sbp(1, -0, 0, -0, 69, 24.200000762939, -96.5)
Sbp(1, -0, 0, -0, 21, 16.200000762939, -96.5)
Sbp(1, -0, 0, -0, -27, 16.200000762939, -96.5)
Sbp(1, -0, 0, -0, 33, 24.200000762939, -96.5)
Sbp(1, -0, 0, -0, 57, 24.200000762939, -96.5)
Sbp(1, 0, 1.5707963705063, 0, 97.5, 16.200000762939, -90)
Sbp(1, -0, 0, -0, 51, 24.200000762939, -96.5)
Sbp(1, -0, 0, -0, 69, 16.200000762939, -96.5)
Sbp(1, 0, 1.5707963705063, 0, 97.5, 24.200000762939, -60)
Sbp(1, -0, 0, -0, 45, 16.200000762939, -96.5)
Sbp(1, 0, 1.5707963705063, 0, 97.5, 24.200000762939, -78)
Sbp(1, 0, 1.5707963705063, 0, 97.5, 24.200000762939, -36)
Sbp(1, -0, 0, -0, 39, 24.200000762939, -96.5)
Sbp(1, 0, 1.5707963705063, 0, 97.5, 24.200000762939, -84)
Sbp(1, 0, 1.5707963705063, 0, 97.5, 24.200000762939, 24)
Sbp(1, -0, 0, -0, 21, 24.200000762939, -96.5)
Sbp(1, -0, 0, -0, 39, 16.200000762939, -96.5)
Sbp(1, -0, 0, -0, 51, 16.200000762939, -96.5)
Sbp(1, -0, 0, -0, 27, 16.200000762939, -96.5)
Sbp(1, 0, 1.5707963705063, 0, 97.5, 24.200000762939, 6)
Sbp(1, -0, 0, -0, 93, 24.200000762939, -96.5)
Sbp(1, 0, 1.5707963705063, 0, 97.5, 24.200000762939, 18)
Sbp(1, 0, 1.5707963705063, 0, 97.5, 16.200000762939, -18)
Sbp(1, 0, 1.5707963705063, 0, 97.5, 16.200000762939, -96)
Sbp(1, 0, 1.5707963705063, 0, 97.5, 24.200000762939, -96)
Sbp(1, 0, 1.5707963705063, 0, 96.5, 24.200000762939, -69)
Sbp(1, 0, 1.5707963705063, 0, 97.5, 16.200000762939, -54)
Sbp(1, 0, 1.5707963705063, 0, 97.5, 24.200000762939, -72)
Sbp(1, 0, 1.5707963705063, 0, 97.5, 16.200000762939, -42)
Sbp(1, 0, 1.5707963705063, 0, 97.5, 24.200000762939, -12)
Sbp(1, 0, 1.5707963705063, 0, 97.5, 24.200000762939, -30)
Sbp(1, -0, 0, -0, 81, 24.200000762939, -96.5)
Sbp(1, -0, 0, -0, 75, 24.200000762939, -96.5)
Sbp(1, -0, 0, -0, 93, 16.200000762939, -96.5)
Sbp(1, 0, 1.5707963705063, 0, 97.5, 16.200000762939, -36)
Sbp(1, 0, 1.5707963705063, 0, 97.5, 24.200000762939, -0)
Sbp(1, 0, 1.5707963705063, 0, 97.5, 16.200000762939, -84)
Sbp(1, 0, 1.5707963705063, 0, 97.5, 16.200000762939, -78)
Sbp(1, 0, 1.5707963705063, 0, 97.5, 24.200000762939, -24)
Sbp(1, 0, 1.5707963705063, 0, 97.5, 16.200000762939, 42)
Sbp(1, 0, 1.5707963705063, 0, 97.5, 16.200000762939, 6)
Sbp(1, 0, 1.5707963705063, 0, 97.5, 24.200000762939, -48)
Sbp(1, 0, 1.5707963705063, 0, 97.5, 16.200000762939, -24)
Sbp(1, 0, 1.5707963705063, 0, 97.5, 16.200000762939, -66)
Sbp(1, 0, 1.5707963705063, 0, 97.5, 24.200000762939, -66)
Sbp(1, 0, 1.5707963705063, 0, 97.5, 16.200000762939, -6)
Sbp(1, 0, 1.5707963705063, 0, 97.5, 16.200000762939, -48)
Sbp(1, 0, 1.5707963705063, 0, 97.5, 24.200000762939, 90)
Sbp(1, 0, 1.5707963705063, 0, 97.5, 16.200000762939, 72)
Sbp(1, 0, 1.5707963705063, 0, 97.5, 24.200000762939, -42)
Sbp(1, 0, 1.5707963705063, 0, 97.5, 16.200000762939, 18)
Sbp(1, 0, 1.5707963705063, 0, 97.5, 24.200000762939, -18)
Sbp(1, 0, 1.5707963705063, 0, 97.5, 16.200000762939, 36)
Sbp(1, 0, 1.5707963705063, 0, 97.5, 16.200000762939, 30)
Sbp(1, 0, 1.5707963705063, 0, 97.5, 24.200000762939, -54)
Sbp(1, 0, 1.5707963705063, 0, 97.5, 24.200000762939, 36)
Sbp(1, 0, 1.5707963705063, 0, 97.5, 16.200000762939, 90)
Sbp(1, 0, 1.5707963705063, 0, 97.5, 16.200000762939, 48)
Sbp(1, 0, 1.5707963705063, 0, 97.5, 24.200000762939, -6)
Sbp(1, 0, 1.5707963705063, 0, 97.5, 16.200000762939, -12)
Sbp(1, 0, 1.5707963705063, 0, 96.5, 24.200000762939, -75)
Sbp(1, 0, 1.5707963705063, 0, 97.5, 16.200000762939, 24)
Sbp(1, 0, 1.5707963705063, 0, 97.5, 24.200000762939, 30)
Check = false
